78267
54298
52062
52064
52066
52068
52070
52072
52074
52076
52078
52080
73430
73431
73432
73433
73434
65326
25560
91183
93326
55767
91720
74232
99713
73453
69518
97355
55568
88147
77855
28832
94250
88480
56729
55767
24239
25917
73099
37139
29352
73486
85111
91325
74740
91587
82276
86477
86559
53518
67742
38528
21365
84166
18211
08626
25572
31855
71563
86444
27257
54689
21684
25560
74858
84168
48683
27367
17375
29693
24358
59227
59229
21702
06313
98553
34292
24996
29353
31708
94345
94527
74744
96482
95491
53506
23623
22926
16356
18320
25853
18347
25885
24896
25885
86551
94529
73101
86479
78733
88317
72631
73773
94501
97491
71134
84089
56459
86447
83404
89344
94330
79677
88319
87648
06385
06386
39615
83544
79774
25767
07646
73095
76857
97320
66871
55234
67308
23909
72458
72459
72461
52457
94501
78554
86733
91793
86480
56859
73553
73655
91236
31061
49594
56828
27432
53347
31191
36211
56332
99310
25938
55758
35108
56370
07426
35469
55595
78476
90584
85391
88422
82239
86695
88348
89604
71573
06542
25821
57610
46519
57642
57647
99195
72275
56237
64665
52477
57518
54668
67821
36304
67577
06425
73776
24848
18233
03229
84032
71155
72655
67482
90518
24782
24791
24811
18573
93087
58762
53505
55585
33184
01773
01778
07768
48341
07338
97901
04600
65624
92540
96146
66885
17091
39343
24340
17209
24161
66903
18556
57610
23730
96264
83352
29575
25335
86450
18445
72657
63674
86972
89281
92665
72213
93177
17087
56288
97237
84169
82278
88499
89605
89174
75382
66484
71566
16247
17179
19288
15345
56858
67316
67317
68804
93336
39606
39615
39615
19069
09648
23881
85250
84503
54518
67122
54636
17214
88361
56858
17166
17129
15328
87452
17375
55469
17379
19230
15913
25486
63755
55232
92224
86854
21385
83123
86735
99439
39393
54675
54673
15838
72119
90614
22949
92260
37345
35287
63916
84539
18233
73340
99831
19273
09439
99102
99334
88279
82346
27446
56626
06647
06577
49832
99189
74918
35719
83454
16278
39326
39517
56584
17219
17389
49577
09456
06925
76855
59609
99976
91522
56729
82387
36326
53533
85646
31552
26689
38486
21641
86974
87742
99510
21279
25482
55437
77767
56769
91722
53533
39619
54518
37318
86561
56729
88260
55595
55496
37627
25767
25860
55288
24616
21769
93471
39596
24399
59755
59757
59759
59821
59823
93473
01477
56244
99310
97450
06456
94424
24634
93474
06556
21380
56337
04886
95659
54687
53567
55758
86663
37318
94347
63739
63741
63743
84544
83229
67753
59387
24326
24358
06449
85609
21271
27330
71546
71679
55459
97959
89176
35614
85617
57627
57439
56370
84091
85395
88448
94348
57629
79280
76474
97239
97633
56766
08280
08301
56357
55569
98673
71549
09392
94530
91275
08209
31749
93089
91347
79424
86150
86152
86153
86154
86156
86157
86159
86161
86163
86165
86167
86169
86179
86199
32832
09573
31553
86736
84072
24613
88326
65582
07955
21521
97717
91589
91086
97773
26603
26605
26607
24975
39393
94532
25548
54664
54597
25927
25715
27729
85653
54441
86482
18586
86674
56729
85107
64832
87727
83547
93090
55422
57610
89429
89431
71522
93077
83043
95680
34454
82435
79415
14806
48455
49635
76887
99438
57319
95460
56864
29549
06647
84364
07422
97708
29389
73087
08648
24576
53498
97769
88422
65520
38271
73312
73342
73345
18209
33014
04849
67098
06231
78073
31707
08645
54657
56130
34308
76530
76532
76534
35080
23619
83093
56291
55576
79410
49152
29683
83075
06567
16259
74177
94072
37581
01816
94086
87730
37539
38667
83670
76332
36251
87541
61348
61350
61352
53604
53547
53557
49186
34385
97688
23996
07639
82433
64732
97631
07586
93444
55543
55545
55583
79189
57334
49196
99947
04651
37431
36448
04895
04924
04931
75378
33175
07356
56470
97980
31848
53902
02953
61231
31542
53474
97616
32545
32547
32549
23843
63619
72250
77740
31812
74906
83435
77776
96476
49214
15526
37441
79713
31162
36364
32105
32107
32108
36433
36469
59505
88348
01814
06905
76669
88427
65307
23611
23795
55566
65812
63628
37242
96231
95138
99518
18334
99891
75385
99955
83646
73337
72574
61118
88339
83707
75323
34537
19336
74206
91438
86825
33181
88410
34596
26160
52499
79353
38459
27245
25569
23845
01819
88255
84171
82065
85625
72270
91083
88255
87650
23909
49456
23881
87538
54314
65558
54597
31609
78582
06632
72336
21730
89177
06493
99955
79282
99439
19300
73666
26579
58802
86483
88481
96047
96049
96050
96052
69245
17506
19230
66851
56424
01728
19079
76889
93092
39240
39249
36456
21357
55483
55758
27245
21397
09471
78580
25704
23863
17398
24806
21698
24793
22941
25842
23826
24360
25791
19395
39179
25719
24245
25355
95671
23968
19089
23858
06268
21406
49406
32683
24217
22885
30890
26676
18209
18356
73566
17089
29576
21357
15837
49453
38476
53534
55606
54578
27432
17139
21483
56220
27211
97654
21493
18230
35088
67271
66484
91460
53534
54673
18246
18249
55774
96148
34225
54538
54636
02625
49844
94137
84092
67808
67822
94252
83457
95444
95445
95447
95448
83735
23816
36179
56132
55234
67827
55608
91572
66894
07426
67595
55234
92699
21643
31699
27243
66701
59269
50181
47551
66885
29355
48361
14547
39343
15848
49832
38489
14778
14778
17111
23919
25850
17498
17179
24321
25573
02736
16259
38382
54662
92339
04886
71543
71717
56814
89179
67259
98660
54552
25554
25524
54340
24601
25557
25767
56858
04874
04889
04683
55469
56745
89287
76756
56288
56459
99713
49191
98617
19230
56290
21785
72658
21227
24217
56170
25557
83671
54538
19258
18258
06308
04828
67808
87734
71726
14789
64625
18182
17129
17429
23970
55494
93176
92334
83471
56769
56766
56357
82335
95180
53505
88276
06536
07980
88368
92348
19348
49626
08239
83346
91790
55608
29303
29468
18528
55469
24861
25779
38467
77791
56368
50126
50127
50129
86673
17321
89180
86562
51427
51429
51465
51467
51469
59192
85232
55776
73663
85459
54426
51702
76768
97493
97241
54518
25575
37297
99826
15518
23919
88450
16306
54673
10115
10117
10119
10178
10179
10243
10245
10247
10249
10315
10317
10318
10319
10365
10367
10369
10405
10407
10409
10435
10437
10439
10551
10553
10555
10557
10559
10585
10587
10589
10623
10625
10627
10629
10707
10709
10711
10713
10715
10717
10719
10777
10779
10781
10783
10785
10787
10789
10823
10825
10827
10829
10961
10963
10965
10967
10969
10997
10999
12043
12045
12047
12049
12051
12053
12055
12057
12059
12099
12101
12103
12105
12107
12109
12157
12159
12161
12163
12165
12167
12169
12203
12205
12207
12209
12247
12249
12277
12279
12305
12307
12309
12347
12349
12351
12353
12355
12357
12359
12435
12437
12439
12459
12487
12489
12524
12526
12527
12555
12557
12559
12587
12589
12619
12621
12623
12627
12629
12679
12681
12683
12685
12687
12689
13051
13053
13055
13057
13059
13086
13088
13089
13125
13127
13129
13156
13158
13159
13187
13189
13347
13349
13351
13353
13355
13357
13359
13403
13405
13407
13409
13435
13437
13439
13465
13467
13469
13503
13505
13507
13509
13581
13583
13585
13587
13589
13591
13593
13595
13597
13599
13627
13629
14050
14052
14053
14055
14057
14059
14089
14109
14129
14163
14165
14167
14169
14193
14195
14197
14199
54570
37339
88697
56729
67593
55234
16321
83233
79872
86975
06406
54578
56370
27804
92361
93170
18246
18249
54470
54492
94505
82347
09337
02994
89182
02748
23936
57614
56414
54673
55777
55608
49593
15910
02763
26524
56459
57632
54413
23738
25584
65614
23899
17039
74354
19258
63856
15741
59909
07554
54570
56355
54533
54646
57518
21386
91282
88422
87488
56283
56825
72660
54413
88631
94501
25355
37639
27616
37688
66450
77781
88400
86485
89346
68647
19417
07768
93354
83673
64404
56291
54636
87651
55234
97318
55546
97243
63599
55471
35444
64584
56370
35216
79215
39175
66917
67308
33602
33604
33605
33607
33609
33611
33613
33615
33617
33619
33647
33649
33659
33689
33699
33719
33729
33739
18230
29553
99100
54636
54675
16359
87640
76467
74321
56414
48727
74842
76831
25485
37434
24576
74862
95463
72511
55411
31619
56754
54518
86637
18609
79589
49626
73102
54587
92262
69488
57589
75217
97834
55765
37318
67134
57587
76889
16547
56291
76831
65626
57612
54574
63633
54634
98634
96120
97836
97852
67294
35649
98553
99826
95493
65474
97653
94253
01877
83483
76476
72406
39628
39629
29646
24582
49143
67281
86657
73266
67806
54634
06749
06766
06803
06808
72475
57539
93476
87544
63825
19412
06502
38889
38895
99955
15827
15831
18182
99444
53945
06528
17039
56865
17322
17237
66869
89143
74572
89134
19273
21354
54570
54608
99752
24327
27337
17392
15328
21640
16269
66440
23847
19306
89434
32825
26487
25348
23974
78176
17237
24241
23813
07646
67273
67240
76891
82389
86399
67482
73560
23966
23996
71032
71034
94255
09627
19230
76833
46395
46397
46399
44787
44789
44791
44793
44795
44797
44799
44801
44803
44805
44807
44809
44866
44867
44869
44879
44892
44894
07589
08324
55595
31167
67278
85461
26345
26897
72411
07381
56412
53539
37194
55294
84155
94249
37308
37434
37619
92439
78351
88285
88131
24401
24405
24891
37691
56357
94327
87736
04564
67459
29693
89558
85113
25853
49163
24220
23974
21368
17268
19258
25364
24802
25596
38556
25335
25560
25572
24860
24220
67295
17392
79677
55624
76887
54669
17207
24855
79283
57648
87538
23946
88361
25850
71149
24620
56579
59199
54316
53539
53111
53113
53115
53117
53119
53121
53123
53125
53127
53129
53173
53175
53177
53179
53225
53227
53229
79848
74357
25474
86486
17322
56729
87737
55595
24598
73441
56154
33178
39435
39448
39221
25821
25842
25852
24582
24392
54422
24589
34434
26904
18211
33829
24794
25938
24857
46325
34582
14822
19406
26757
14822
53539
24863
04552
18375
39435
37318
53332
55237
76879
25557
25725
24619
56348
09437
21039
06295
57614
17111
67725
66904
04451
25376
89177
38312
24616
27246
25494
23881
73104
06556
23715
25899
24306
26219
66887
08606
78662
99310
27367
27386
24250
66504
78583
46236
46238
46240
46242
46244
79268
66359
24796
37120
97944
54552
02943
24994
22145
57555
56761
63636
21438
74336
25923
19273
07554
26919
33034
24793
49565
25926
95682
25364
14770
14772
14774
14776
09618
04821
04824
56459
54608
83098
56338
54470
54472
35619
07580
37444
38700
78199
74542
06242
06259
38100
38102
38104
38106
38108
38110
38112
38114
38116
38118
38120
38122
38124
38126
56288
55595
55606
65611
54636
58339
26897
16845
27412
27726
24796
17153
25821
18556
19322
17091
17089
37339
35236
24797
79206
54426
96151
83254
56237
66916
36287
25597
94139
87739
92363
08359
25524
23881
96149
55592
86488
55758
37339
89183
79874
35767
53547
55422
57539
98597
24811
25821
56370
27568
28195
28197
28199
28201
28203
28205
28207
28209
28211
28213
28215
28217
28219
28237
28239
28259
28277
28279
28307
28309
28325
28327
28329
28355
28357
28359
28717
28719
28755
28757
28759
28777
28779
27568
27570
27572
27574
27576
27578
27580
27432
56814
07646
56651
93179
64395
19306
19294
19230
21698
75015
56479
55559
74626
64747
34479
67725
37647
56321
16230
25712
56850
56867
56829
56820
14656
03096
15518
15295
21382
17309
78086
17153
59929
54646
24816
26835
16230
18258
27386
29356
54552
49448
56332
24398
24864
24235
18184
56754
56656
25554
25576
24616
64753
38465
59969
03205
21514
98596
54518
57539
53572
27305
63486
66892
76646
99955
55758
76891
85567
14822
84079
91590
55767
06528
66904
92436
83052
53539
19412
24582
41379
50321
68782
93164
17039
86564
85649
98673
19357
19372
22946
25541
23883
21524
17509
55606
19071
17326
56814
56288
55270
67308
91088
89347
67742
78585
56357
89290
56290
07751
85656
84172
91592
84428
97320
86675
56823
99638
21514
79256
91186
87474
55491
74722
54608
99438
78567
88637
94533
25712
31710
23911
17209
29690
21244
53567
21481
94124
86807
14793
31675
27333
91054
15377
24782
55469
55257
54610
63654
54426
17398
17440
79426
77815
37339
55767
77830
74424
74426
23845
37127
21782
56859
25355
19089
27412
39345
26831
32257
55626
76891
97494
24794
25767
57299
54597
56593
33142
39288
54646
89331
87545
91593
56659
25712
31303
38272
96138
07616
56332
54472
86977
96152
36151
84489
86666
84508
96224
57632
97724
93133
56843
91595
97496
88483
91790
65558
97775
55595
03096
09217
63927
39517
17094
71576
90559
35099
37318
30938
96154
91596
97705
01906
09235
72393
17089
76835
51399
68642
89349
54424
21709
18528
24866
35418
66996
76891
57612
25719
78266
25761
25761
26969
17209
25572
64572
96155
86647
97244
36419
99628
37359
35510
17392
18246
87740
85114
21614
15913
56237
07586
21781
90556
03205
38547
39240
34379
67829
09337
39359
39638
75365
19067
18195
49692
18233
18236
19217
67316
17291
17237
16306
97355
44575
44577
44579
44581
04758
29221
29223
29225
29227
29229
93413
93466
56379
09111
09112
09113
09114
09116
09117
09119
09120
09122
09123
09125
09126
09127
09128
09130
09131
09224
09228
09247
83339
83209
83256
16230
98547
24799
25593
66978
09236
38667
38678
38707
38709
74389
29459
99718
49661
96450
56812
48653
35091
39326
04680
97896
97903
91598
27243
17094
66497
31863
36219
01640
06868
06869
03042
03044
03046
03048
03050
03051
03052
03053
03054
03055
74564
74597
65558
38312
19071
97993
38162
95473
07557
08451
03246
08147
19089
67744
07613
01920
09474
19322
02733
98744
27472
27474
27476
27478
57567
19406
16818
17129
85221
91462
79837
79875
56340
99100
67273
54649
25899
25578
53949
54636
21368
04774
21368
56348
38170
23747
15936
17166
15936
22946
66994
54689
29413
88718
86653
55595
19071
24635
54689
55278
17166
21483
14624
55765
19357
24361
54413
23738
63874
49401
25554
25573
29472
24351
55432
23824
23936
23948
24229
53520
24329
38461
29451
67814
24867
67125
17498
17419
17429
17159
64283
64285
64287
64289
64291
64293
64295
64297
54552
76848
54689
86453
37586
21521
23942
24589
45711
53547
56589
17099
56412
55566
78083
54550
56132
72356
35232
54673
55442
19217
75392
29386
53426
37627
98744
56237
94469
88693
73312
73326
67146
67157
67435
67466
78586
67742
92364
86738
21717
27446
86489
78652
73779
33129
22941
04509
66503
31073
25786
27749
27751
27753
27755
25788
19089
54552
01877
17109
85095
73770
78554
78588
86920
38321
08393
66871
54570
91599
79211
37691
36466
53507
56307
76857
56428
24326
57520
17498
19260
26906
55592
06842
06844
06846
06847
06849
06861
06862
56357
26847
32756
32758
32760
97337
72135
76706
79802
72581
88451
73265
18334
38173
54340
54570
93180
54411
21407
09548
55278
18513
54426
55494
49453
57520
55483
55758
38530
91583
56332
64807
86420
54538
31199
25709
69234
67811
37633
34519
34474
56379
55276
15864
55765
31603
49356
01665
76889
56269
54533
18347
54523
29413
91456
86911
89165
90599
37318
84378
91463
92542
92345
56355
78661
87463
83623
66484
63128
37318
35716
65582
55487
35683
35684
35685
35686
35687
35688
35689
35690
55481
89407
66763
98530
76848
54614
37351
25715
84130
97497
98646
91550
86424
49413
46535
46537
46539
55234
36160
01744
87742
87782
67246
89561
49201
03096
06484
56729
97456
67596
91723
07907
66903
71254
18314
19399
18292
75335
04720
03253
03159
01877
02633
02692
04838
24232
19067
04626
99441
07381
54636
54552
54518
79804
95182
01796
54576
01809
56812
21255
49770
18299
55278
21739
24989
91795
99100
91601
19303
56290
04880
19374
78166
93093
86609
97499
66978
73072
32694
09619
84405
01738
96487
23972
97904
41539
41540
41541
41542
72358
91077
56377
56379
65599
07774
67585
72175
99310
56357
24326
89160
72280
26553
26892
24398
25794
24869
55444
76889
67806
56348
56370
53533
55452
38312
46282
46284
46286
56281
44135
44137
44139
44141
44143
44145
44147
44149
44225
44227
44229
44263
44265
44267
44269
44287
44289
44309
44319
44328
44329
44339
44357
44359
44369
44379
44388
27313
74677
07429
69221
27801
72359
56305
03185
94256
73345
21423
25582
25840
25878
19205
15938
31623
37127
18556
09430
49457
03116
18465
53520
16845
18249
23845
03185
63303
57629
99869
04860
56414
54518
56472
54552
67816
07819
25853
48317
49406
18573
01067
01069
01097
01099
01108
01109
01127
01129
01139
01156
01157
01159
01169
01187
01189
01217
01219
01237
01239
01257
01259
01277
01279
01307
01309
01324
01326
01328
01465
21255
21279
35759
21706
07338
57489
06722
23847
17398
55585
67826
54647
21709
67373
37115
93182
93195
31089
47051
47053
47055
47057
47058
47059
47119
47137
47138
47139
47166
47167
47169
47178
47179
47198
47199
47226
47228
47229
47239
47249
47259
47269
47279
48249
19073
18196
53520
56754
56761
78655
78713
27243
25938
26427
99976
66916
54597
87471
77770
78589
78591
52349
52351
52353
52355
73568
88525
76448
73105
88422
02708
56307
89350
01833
91602
40210
40211
40212
40213
40215
40217
40219
40221
40223
40225
40227
40229
40231
40233
40235
40237
40239
40468
40470
40472
40474
40476
40477
40479
40489
40545
40547
40549
40589
40591
40593
40595
40597
40599
40625
40627
40629
40721
72144
23898
99713
97500
96250
88370
64754
69412
69429
69434
71735
82390
37136
88436
92263
91320
96106
56424
01561
73061
88371
02727
02730
85560
36157
27432
96237
86491
74246
99518
16225
16227
56370
67280
72224
95683
96157
79285
35085
29574
21379
85386
84174
82279
54668
54636
61200
61209
06648
55599
55444
90542
24340
95488
55777
54531
25572
37339
99195
25715
92265
31234
67480
86739
34295
06528
34549
67483
26188
56814
68535
83533
37359
91090
79588
39435
63329
72227
82281
78592
21272
87743
24852
84307
76344
87653
49577
17367
17375
79805
84385
84546
91330
83125
25721
94535
82436
82544
86492
91349
85658
85116
86676
86678
91725
86741
89584
54636
56581
24647
71139
56357
38468
36115
98660
27248
09427
79238
35630
66871
97246
08309
67575
57612
57632
82223
53533
98553
07768
63928
74731
97896
94428
36124
08626
85072
39596
88361
79356
37318
15732
29693
29358
78253
04838
54649
39365
31036
79591
37632
29578
55278
37574
07646
23911
64683
98617
56751
67753
67308
83549
99817
54298
79871
87637
07607
67304
24589
97247
15890
54533
98673
56370
75239
97249
73054
56337
85117
36132
53783
85462
18334
38274
57580
39307
39317
56459
37412
65627
76477
89081
89275
55765
19294
17209
29351
97725
98716
25845
57578
99334
08236
73488
55765
56242
56821
25479
25474
24589
25373
55497
67158
86679
74248
25923
91792
98617
24870
99755
54552
73479
55765
89352
18510
23869
21493
18107
25335
25336
25337
67471
25704
50189
27404
24800
84094
63820
26931
25361
04880
56479
06729
07985
02979
04523
04910
01920
09481
97483
65343
65344
65345
65346
65347
99334
99189
65604
79215
31008
74834
66887
21409
24819
26721
26723
26725
88499
89607
86494
24802
99869
49824
54673
25924
56281
79312
29579
46446
83550
82275
31860
84547
57520
78576
36452
72186
48488
48282
91448
49685
27321
95517
79346
56355
07570
48465
25348
84549
75331
21710
51766
55270
91238
78234
32130
25917
72829
72800
67677
56850
58256
59320
54340
92266
66806
59469
55232
57647
54646
75337
25704
74925
78736
66571
69214
55234
56759
66957
09575
65558
94536
64859
75031
87745
65817
64711
55494
89155
92681
98634
55234
54492
66887
85435
71729
85253
86922
86926
86941
24803
50374
99084
99085
99086
99087
99089
99090
99091
99092
99094
99095
99096
99097
99098
99099
66996
91465
56368
84030
84061
84513
94140
88097
41812
73268
38173
87746
15537
40699
97250
91052
91054
91056
91058
09306
84567
74235
63906
76891
76872
97837
88416
63526
74391
96126
57339
85119
56814
54668
88453
53579
67167
57635
88521
59597
39343
67685
64390
54585
54518
73569
63863
56357
76831
79427
65760
78664
49828
21039
29348
29359
29361
74927
73037
73107
92676
99869
35713
82438
37632
54619
93458
37269
52249
26427
24402
92693
59889
32339
34314
07924
29690
97839
55234
45127
45128
45130
45131
45133
45134
45136
45138
45139
45141
45143
45144
45145
45147
45149
45219
45239
45257
45259
45276
45277
45279
45289
45307
45309
45326
45327
45329
45355
45356
45357
45359
84051
55270
49632
93343
76879
73457
73563
73566
54636
73728
73730
73732
73733
73734
67754
97230
26897
67466
67468
67472
21727
31629
54424
66871
82488
54655
77955
91796
99439
56244
76275
56729
86833
57539
92268
92694
06577
97502
97717
57632
67685
56761
86495
82547
54597
53879
53881
97776
76857
23701
72184
26556
48351
38173
56244
32699
49406
21376
27324
56133
24857
24253
74864
23795
17309
85777
56814
84326
95685
16259
04895
94350
15306
14612
93167
67808
06333
06463
06543
08223
08239
98597
82490
24256
06279
54317
27446
29328
97906
17139
25779
56472
23769
16818
16833
16845
84550
67824
95183
54636
82340
36325
79868
17258
24242
23858
94351
85622
83620
03130
54341
70734
70736
97778
87748
24161
24214
24244
34587
57580
92269
17379
37339
35463
54668
90537
91555
54597
54584
95686
74579
74427
15306
04936
24217
57635
70794
71111
56341
26849
56766
17209
67822
17179
06647
06647
57413
86923
89435
85464
03238
27389
26835
54439
86850
55743
67693
83730
66996
54675
64405
87538
77716
79592
25579
21514
91604
65558
97650
57632
39345
39356
39359
24357
74223
88373
76835
24937
24939
24941
24943
24944
54597
36103
54636
17268
24220
83126
09557
98593
55234
55237
63639
65439
67592
61197
92685
92696
38312
78737
54516
57614
24787
66887
04617
25563
54343
55777
76596
91301
79362
74670
86735
96524
57537
76694
67147
56754
85659
56858
85661
03149
57635
55234
97833
67737
35110
35066
09669
96528
99441
67468
27336
74586
98634
99826
67468
01909
67227
97447
60306
60308
60310
60311
60312
60313
60314
60316
60318
60320
60322
60323
60325
60326
60327
60329
60385
60386
60388
60389
60431
60433
60435
60437
60438
60439
60486
60487
60488
60489
60528
60529
60549
60594
60596
60598
60599
65929
65931
65933
65934
65936
15230
15232
15234
15236
64407
76833
18461
54316
83112
94258
55776
01945
83553
07774
09623
85447
08427
50226
76872
23909
21717
31084
15370
23826
79348
09599
71691
21729
79098
79100
79102
79104
79106
79108
79110
79111
79112
79114
79115
79117
99713
37318
07768
36399
24991
63579
92271
83395
55546
56244
55234
67482
67098
67251
56244
67361
66629
85354
85356
27259
01705
38373
86742
96158
49832
49762
25876
25727
67596
37318
57258
97896
92272
54450
72250
74392
06632
92342
94078
72636
97252
88699
78567
83413
86316
61169
26446
98634
67159
95688
79877
36289
57520
15848
37133
17098
99894
61273
61381
25764
24799
88045
88046
88048
24799
25718
19089
25840
66299
16247
25924
34621
99869
14662
51598
77948
55278
87654
26169
71292
78665
34560
04654
79677
66903
58730
35112
55471
88273
84160
56132
53533
95689
97727
86925
18356
24649
21493
36037
36039
36041
36043
34277
34127
34233
17213
86681
55546
49584
37699
16798
94142
82256
94538
15517
94081
84095
90762
90763
90765
90766
90768
64658
57539
93437
78120
87629
67136
02953
86456
55288
86565
56412
19205
97503
23968
76571
69251
78343
74405
78262
85080
83674
17099
56651
19258
19386
91605
25899
56761
24340
19230
85408
73108
72501
27777
27324
52538
84140
99634
19395
56294
30823
30826
30827
84518
85748
39638
39646
39649
25836
21376
82467
82475
49681
83536
83546
83555
83559
21441
29471
71116
16307
17419
15345
18574
95185
55435
55599
55296
07580
67294
71126
67822
55234
97253
55239
25782
82131
55578
92274
99189
57580
55595
91607
75391
63688
49744
21502
27607
27624
54552
07926
95482
57627
19386
55490
06571
49596
30989
67724
54675
94244
52511
56379
36419
63826
67715
94333
96160
85290
07646
84144
65366
54413
56357
78187
37308
72351
73312
37308
04643
18182
97255
47608
97505
09423
53539
63571
63589
45879
45881
45883
45884
45886
45888
45889
45891
45892
45894
45896
45897
45899
82269
24395
24884
56357
75050
74376
54673
35285
56459
55490
97737
35329
86682
77723
55457
39291
39307
54675
92697
91166
99887
49828
49124
07545
07546
07548
07549
07551
07552
07554
07557
74582
96161
55743
99330
99331
84552
67813
37318
97218
06347
29581
16928
82538
66851
66894
91466
56751
09326
70839
87656
82110
76726
37339
76593
64579
97779
07819
95179
97256
91726
85302
67229
54568
97447
09355
36129
66453
49838
04617
36419
89547
86368
99834
17268
07389
84175
23815
48712
95494
59590
91608
86459
88167
49843
24214
58285
56825
38384
09468
97232
37434
24321
57610
54424
17139
89522
89537
56294
57632
06449
99100
54614
31180
57612
23909
35390
35392
35394
35396
35398
38518
38559
82205
56825
54558
34630
29690
54298
67578
55767
54657
73333
18569
65462
67742
54533
56459
56412
54518
45964
45966
45968
35075
66887
49219
66907
23719
37308
18276
01768
61479
95496
23992
17322
63864
72293
01612
63695
08371
56653
37130
06632
92723
93477
76835
76889
18513
16548
21509
85625
89353
79286
18551
24960
25348
25779
83703
27442
07646
19065
17089
18195
17179
91728
24622
47574
97469
76831
02633
56244
17237
56290
21376
06246
73571
23758
19288
29473
18586
04603
17213
01824
25557
17089
63773
39596
19399
25862
25862
23919
49424
98746
95497
49843
55767
14728
67307
97258
04626
37640
07751
15938
14778
15328
72532
72810
39175
39245
39264
39279
39291
67377
67724
75053
54595
56283
54647
24610
53498
54584
67161
24340
04618
73033
73035
73037
73116
03238
56412
87657
17291
07907
29475
02826
02827
02828
19294
17121
09405
09437
09573
54472
09390
99765
79733
69517
14828
07907
06667
07607
15537
55624
78559
38640
38642
38644
38690
97780
76857
07389
04639
91327
99867
79288
19209
94239
84177
17207
21514
37073
37075
37077
37079
37081
37083
37085
78244
54470
18181
23845
21493
86836
14793
76676
83355
72582
98631
19300
17194
82166
71120
94481
72661
91322
54426
97782
95356
06772
06773
79865
97506
98743
93479
92655
38462
85567
94539
82284
53501
82491
94143
07616
23883
17375
17322
19071
19073
18513
17153
99428
18195
17291
22946
54533
18513
16775
19386
17089
28879
85630
64689
38368
83224
94541
24594
61279
36323
36355
34393
24329
19294
91171
47929
86926
35753
17489
17491
17493
83677
54314
54533
56814
07973
23758
18461
91350
56858
79639
19258
29690
97508
99718
97259
48268
19258
41515
41516
41517
25361
24241
23936
25596
17506
55608
23936
99638
66903
64347
89608
83556
54413
04668
98660
18507
23847
17089
07389
82194
25869
04932
24376
24399
01609
04539
55459
72294
72297
23743
48599
31028
39397
22956
86845
37247
97633
24245
37359
14979
49777
72663
64395
64401
07646
23847
71723
98701
24582
66501
16845
23911
02953
02959
02694
26629
97633
72415
24623
23775
99718
01558
01561
26197
36137
25712
22946
91091
07580
24969
21712
71577
07768
99100
67483
64521
19372
23627
90613
22927
24625
01909
09618
26532
96269
99518
63920
56412
27243
54619
67229
83109
17207
17495
01990
18442
15746
19230
14550
63538
24626
19288
54608
97320
15295
54534
07751
99759
17337
56276
27419
85098
17349
18445
99198
19217
01936
17094
99625
67259
23816
25436
29393
25355
09432
63762
21493
16928
17192
17390
04463
02692
07751
38822
01983
24872
97950
17166
68649
01900
23795
66352
09518
99195
23627
03149
23860
09603
02779
02799
99441
02708
18276
56472
24991
66484
23972
17091
04932
38464
64823
99958
24802
63868
82439
04720
24361
17166
16775
17168
64846
25836
21493
25774
98530
96271
23749
73344
67745
08223
35305
63584
24977
89613
57520
88167
21720
01945
08344
09579
15537
88287
17291
17237
15299
97947
67269
82031
82064
74417
83257
03172
24357
56459
65558
25693
34281
21720
23899
88379
74363
03096
55452
19348
56593
17089
17153
21483
18276
55597
51643
51645
51647
07768
16866
79194
89423
96163
74831
56767
67598
67724
67599
89355
78594
99631
67583
97261
87634
89312
91710
29476
54413
15306
39439
21514
54317
18574
18273
79261
77793
01945
56370
78148
55595
06712
92543
91468
88484
33330
33332
33333
33334
33335
18276
95358
54317
17506
34302
27404
95473
85410
83527
24819
42781
85540
94501
94542
82392
34317
54597
24361
57627
55546
65589
29693
25560
97840
26524
79685
93095
24576
58089
58091
58093
58095
58097
58099
58119
58135
49170
76767
91469
31558
27628
19230
26524
88709
38729
56850
56244
92256
56472
55606
55278
02923
65623
55776
63808
94353
94145
35708
72401
85778
84533
35114
56357
63512
02779
76835
09661
07778
86744
07607
72221
15757
26524
38820
38822
38895
87642
56457
39340
39343
39345
87490
89356
16945
83128
85399
37620
49843
59969
91352
06108
06110
06112
06114
06116
06118
06120
06122
06124
06126
06128
06130
06132
33790
67826
25859
54611
96103
99826
84553
09633
54646
56283
25469
45721
58553
21646
65582
23619
27729
76707
56761
29313
20095
20097
20099
20144
20146
20148
20149
20249
20251
20253
20255
20257
20259
20354
20355
20357
20359
20457
20459
20535
20537
20539
21029
21031
21033
21035
21037
21039
21073
21075
21077
21079
21107
21109
21129
21147
21149
22041
22043
22045
22047
22049
22081
22083
22085
22087
22089
22111
22113
22115
22117
22119
22143
22145
22147
22149
22159
22175
22177
22179
22297
22299
22301
22303
22305
22307
22309
22335
22337
22339
22359
22391
22393
22395
22397
22399
22415
22417
22419
22453
22455
22457
22459
22523
22525
22527
22529
22547
22549
22559
22587
22589
22605
22607
22609
22761
22763
22765
22767
22769
27499
24805
27324
31785
31787
31789
27419
22929
22929
59063
59065
59067
59069
59071
59073
59075
59077
54636
21714
67580
97762
17358
63546
99441
56598
46499
22941
57577
21502
24816
63450
63452
63454
63456
63457
21256
24976
24983
21447
49838
25557
55234
67374
29386
34346
30159
30161
30163
30165
30167
30169
30171
30173
30175
30177
30179
30419
30449
30451
30453
30455
30457
30459
30519
30521
30539
30559
30625
30627
30629
30655
30657
30659
30669
56316
17509
21271
29582
91230
57572
39365
86655
24616
37181
56579
74736
56472
78739
74239
49733
54649
55595
23738
23911
21228
27243
24955
56307
53520
95499
21698
33428
38829
54617
31177
56244
24628
08118
91235
04746
67376
79258
07570
56459
09232
07613
07586
08107
01762
55296
06493
99768
49205
54533
66871
79686
25489
94354
04617
01920
25489
25855
49740
24616
24640
56858
77716
97907
25474
31626
39596
57635
56288
24376
63594
27324
27367
97437
99189
67454
74855
24790
31559
26209
82285
73110
65795
57644
55767
45525
45527
45529
37197
25856
25856
76770
56332
35116
76846
91729
36282
36166
89437
66851
56761
77756
56291
97647
63840
93345
91353
55608
89597
72361
97262
79688
78595
53547
56588
79837
83734
27336
99955
56745
67742
94051
21493
14715
39539
14798
38275
24873
48329
87749
72534
37339
84332
85241
85764
72379
21755
16259
55481
53506
54518
54523
54619
39444
54429
69434
68542
38322
06458
25761
25355
26892
48619
31622
38277
27404
31707
67753
37619
25746
15926
91180
23858
03238
07613
69115
69117
69118
69120
69121
69123
69124
69126
46359
21258
01809
54426
91719
89518
89520
89522
65321
09526
15754
25436
24632
24598
54518
63869
24226
54673
37308
56412
74072
74074
74076
74078
74080
74081
54636
88633
16909
23774
42579
67699
56412
91332
25524
25524
69253
91560
23619
52396
55779
57629
63872
88178
87751
71296
55606
37627
21726
03185
95500
38312
73037
73092
73107
24594
63871
17379
52525
08468
37649
55483
55606
67742
54614
25492
65558
79423
99713
06311
98663
84431
56244
27498
56479
53940
55758
25764
27367
95233
57612
57612
97264
74921
38350
38372
24321
31691
34298
25709
67716
27389
93155
25485
58675
91334
25774
57612
97258
71282
30966
25770
21745
69502
27386
27386
49453
55490
97640
91239
98660
94491
53773
16761
25581
25779
55619
66909
24558
54314
85120
64646
27412
88518
79336
35745
55758
89542
99955
97633
36358
54673
66871
58313
57562
88634
86465
32049
32051
32052
54662
88145
55452
56457
88138
76872
06313
36266
99765
23777
17419
17424
17429
54317
37293
89537
89568
66919
54411
01945
07629
01776
44623
44625
44627
44628
44629
44649
44651
44652
44653
56368
91336
90562
72535
71083
99887
67742
56729
91567
79737
84097
02747
82211
55756
91217
56249
56414
66917
66919
66987
53518
58849
66909
54597
45699
45701
76863
67273
76863
37412
37434
04916
16835
33442
54619
25379
49770
91074
52134
26835
31693
91093
67258
74394
37235
31840
56865
25491
99438
66919
67310
55758
85276
85304
85307
72513
97265
06333
54523
91077
73540
35452
67259
76831
73572
31700
04626
57612
63150
97618
66265
37308
79194
57627
37619
04626
32120
07580
57271
98646
40721
40723
40724
36115
31134
31135
31137
31139
31141
71157
57612
27318
56206
86567
26897
32479
38543
54576
67586
25764
56204
91161
54426
66957
86856
49176
91355
78247
29584
95502
21709
97267
56357
25563
17498
26759
94146
17375
55743
66999
54570
79856
54316
54421
67756
27432
72145
96114
92242
92275
65558
07927
69493
08144
04932
07554
55483
64757
69412
69434
67732
01594
66996
56729
63697
57635
21522
29456
85122
24576
97204
55234
25712
73269
88436
88454
67126
79862
65239
97633
02627
54472
67691
91315
89420
96272
95186
76879
55585
56767
57629
55606
64739
68766
54316
29693
25569
95028
95030
95032
56472
36145
75339
24582
53534
34369
65719
97461
94544
77716
86928
25858
23795
24327
29478
77749
39167
39326
39343
66989
66989
35644
86745
25582
94545
95691
39596
01945
17111
85521
85662
04936
92277
17166
02906
24257
18209
18211
25358
22946
99448
92366
78355
54570
16248
86978
37318
31249
21526
85411
23968
85635
16259
56746
04934
07958
85664
25551
17111
06679
16540
16556
16562
67744
82383
84432
19406
36284
97618
16306
18299
73345
65329
99755
72531
09337
67591
88367
79801
84098
23996
17194
86558
07338
93480
24594
17237
37308
66989
24806
56462
09394
24217
29362
31559
01848
21522
56203
24321
22955
22961
49451
19205
19217
37642
17094
31188
86568
23883
21279
56412
21723
96142
25788
24876
56288
21769
97618
25488
25923
27729
25584
54668
24994
26427
19075
26835
24363
56379
55469
24361
24364
37632
54316
71088
87752
56357
65558
89291
89438
86684
93183
89183
97292
83607
73271
37603
99713
59439
34576
56479
67742
67744
56379
35315
66424
54675
53518
24211
53506
54538
49846
19230
87659
74746
15366
18292
67744
55768
48496
54497
56412
66851
55606
72160
79289
55483
37412
76771
86497
88263
85413
56379
56593
67724
02923
55469
66500
32805
21514
78132
21640
99955
23970
23974
25997
56766
55457
66887
54552
54552
99869
99880
99820
25358
23883
27367
25860
48477
24797
48612
24980
63768
36154
83129
88374
54664
39393
55758
91798
25782
33161
57537
37671
27318
27318
02977
56412
56479
41836
42499
25876
49448
27798
55595
74928
66909
78183
76549
82386
18465
86685
25588
72584
32609
19230
31867
53520
24357
07768
95503
53547
25923
94336
07557
94551
56414
55621
56235
36088
65597
35410
56281
65510
46569
56355
54518
86857
52393
50354
24975
24975
24850
31632
25813
66882
24641
24358
54673
35625
54636
94116
54636
54675
89185
73434
73453
73460
49751
38836
38838
79837
49477
49479
89335
82057
55743
57612
39606
54636
54636
24879
65510
82393
76473
54298
91338
97999
94547
73574
86859
21775
15936
26632
79241
93346
06408
67294
76831
56814
89171
89186
89257
91471
75428
66557
88636
92278
98693
98694
85304
99510
31241
31246
38871
74360
74532
68549
78194
34376
95505
88090
87509
25767
25885
54552
54426
67308
76831
67725
67808
67817
67806
67808
86570
52459
57610
74653
55218
55262
55263
54636
86980
74379
39343
88456
85049
85051
85053
85055
85057
94548
82266
84416
18565
23999
76865
91610
53520
83334
72514
79594
97346
55566
97258
91472
92699
94342
56843
56479
78597
54666
54689
54451
83737
87660
84424
56271
38550
58636
58638
58640
58642
58644
30916
57612
85737
88316
75228
65558
46419
95188
47661
48465
49847
74930
25524
96274
23845
17391
17153
17194
83676
15236
26349
24848
24878
74249
73489
09387
24594
18442
67814
29479
15868
03130
94118
24992
03172
03197
24994
17126
17309
55592
29585
38477
26844
07743
07745
07747
07749
07751
07751
86860
39307
39319
24963
22941
38381
34632
19417
82287
04838
06917
21266
79798
84555
66887
71131
89343
85305
24808
26441
16247
76751
63867
08349
84381
09477
25862
04626
02796
17168
21635
24992
63637
38489
24855
41363
54689
55270
37127
26571
84387
52428
21483
72417
54584
18246
17153
14913
25582
41564
23738
06184
01665
56459
56337
07768
63796
56761
56829
25560
06642
73553
73642
73667
56759
67655
67657
67659
67661
67663
25709
86687
21255
36148
27419
39624
06556
90562
37589
56759
53505
54570
47546
23942
23948
67822
53925
32689
93183
67169
56294
53520
56220
65558
24568
36452
87662
24326
59174
01917
39524
89358
56206
99986
91126
17419
87754
56341
25999
75236
47475
76870
79400
21514
88422
54441
99510
76889
56767
55483
77966
24376
24404
67744
77876
76889
97842
56281
61184
24398
19294
17192
54534
76307
17495
07646
76689
85757
17449
54673
86668
85123
76131
76133
76135
76137
76139
76149
76185
76187
76189
76199
76227
76228
76229
97753
63791
25926
18469
25774
19372
97783
06638
19357
19294
29481
53547
54668
56357
54317
15938
95359
66894
22929
23717
34117
34119
34121
34123
34125
34127
34128
34130
34131
34132
34134
34233
34355
18258
56288
54441
84556
95506
92280
23847
25836
37191
24568
67806
56368
98746
17509
67734
54552
57581
56349
07554
87600
86916
34260
07338
57520
23863
63699
77694
56355
99752
56729
55471
07389
53539
06537
93309
65779
37308
54427
55606
23746
25548
89293
65451
75210
06901
56132
96164
95478
17509
47906
56746
55758
87435
87437
87439
54344
17111
79341
18314
54673
56295
47647
71394
50169
50170
50171
54578
54589
67304
57632
54619
53506
54518
56348
68775
57612
55234
49577
86498
56220
14669
47623
47624
47625
47626
47627
54689
25368
65399
83088
24103
24105
24106
24107
24109
24111
24113
24114
24116
24118
24143
24145
24146
24147
24148
24149
24159
83361
58566
75249
17209
99441
06578
99638
67271
54538
85125
66862
54538
86981
54597
85110
77971
57629
83329
83417
74912
24245
08107
55481
84434
88486
74592
71737
94259
37619
83527
93348
27245
84375
85414
88457
94261
91356
57635
92665
95158
95466
57548
91241
72138
91281
37318
21394
35274
94148
87755
99947
97268
36275
74366
73467
67281
85551
67292
87757
73230
57399
19230
96166
32278
27308
23714
94356
53505
27243
85614
25836
27412
56729
27386
84558
54570
37339
79199
63931
54441
66459
55606
67744
67489
53539
07919
55566
55743
36320
24629
56291
38324
86438
88353
97270
17153
23911
97318
04567
24321
25924
24860
18445
54524
86507
24245
18246
24848
24863
49777
66271
07646
66501
17390
07646
79692
07768
67483
99735
23795
63924
54483
63828
67271
54597
97355
14532
56271
27419
99198
99625
67259
25336
25365
63801
21514
24848
97271
19073
23795
99441
91077
66484
19069
18276
17237
63839
23860
55270
24361
23883
23628
14728
24327
99102
79771
17111
47533
25554
25776
25779
56825
39524
56368
01774
63911
76889
08248
08267
17192
23898
01665
25899
17194
55469
86836
14797
06308
19412
98660
56818
38486
55481
18569
26892
54340
23946
23948
19205
38170
97478
76879
75438
66917
76833
17091
34593
23881
56330
17309
56068
56070
56072
56073
56075
56076
56077
19406
82431
82432
02923
95189
95361
93096
19246
92702
72664
24257
83059
78600
56459
25840
97509
25862
03099
99625
56751
25377
25524
94262
25337
21527
66879
50667
50668
50670
50672
50674
50676
50677
50678
50679
50733
50735
50737
50739
50765
50767
50769
50823
50825
50827
50829
50858
50859
50931
50933
50935
50937
50939
50968
50969
50996
50997
50999
51061
51063
51065
51067
51069
51103
51105
51107
51109
51143
51145
51147
51149
51467
56767
54472
73257
55278
97953
55606
75203
97486
89551
01936
86343
82549
07426
88376
09306
53426
96167
19217
78126
02829
09306
78598
24799
38154
21255
86669
61462
01824
92281
09471
02699
53639
15711
15712
15713
66871
06420
95692
95176
78462
78464
78465
78467
54329
94357
54574
71404
34497
34513
66871
07554
54306
56370
34327
54317
99998
70825
70806
54675
41352
17419
56288
85092
24354
17459
07806
94149
22929
22929
06366
06369
06388
53518
56736
56767
82288
02708
02739
66879
89359
14715
25832
54340
54673
57635
17322
17328
17329
54552
87647
07586
66894
84559
76703
82152
82349
18292
18445
47559
21726
99448
85402
17237
56283
72505
02957
15910
99819
74238
54673
36460
02906
37434
47798
47799
47800
47802
47803
47804
47805
47807
47809
47829
47839
19386
67757
01731
19205
04916
04936
16766
19300
25361
25376
25361
25774
25569
25569
23827
74594
88079
56630
06712
83708
52372
57223
97892
67706
04617
09648
67819
17391
17091
65830
18198
19386
24644
24217
07387
63829
37308
96317
76709
61476
87758
84178
25709
24395
24119
25597
55767
18236
24848
57612
21039
21529
01945
66957
39397
17440
04509
66909
54536
54675
17129
56642
17309
21483
86381
24217
56244
55483
21732
25554
92703
23628
26736
17440
24796
25727
82467
82493
82494
56593
17391
23974
21483
17349
02627
18292
73329
17217
22958
25712
25572
76773
86556
07980
29416
86707
19412
18225
98547
56244
24211
18276
23898
19230
23829
37359
95508
95326
96369
23911
97900
55471
55471
84036
25495
16945
17139
92245
57629
91358
36093
74653
94550
95362
74635
76456
96328
97273
75057
51515
56581
66869
79790
29482
72127
72138
15328
27449
86500
99955
99707
54655
54655
16866
93164
18299
49824
07646
30880
23898
84082
24235
87760
29331
49549
25926
68526
48366
32791
49828
25566
49774
49757
35633
56112
56130
35094
54675
56288
77933
89150
18279
94551
93462
54649
67466
18069
66894
67245
86862
24238
54316
68623
01561
31195
21769
18586
94405
76829
89361
31628
56814
37136
25554
06188
86899
86932
82290
54526
25572
84028
84030
84032
84034
84036
66849
24977
94264
25485
38685
63225
49838
91799
88085
89129
85416
66909
57520
33449
08428
74243
19067
74595
29484
88515
25863
25867
91474
56729
40764
30669
30851
30853
30855
56459
25842
21514
04618
55450
86571
86863
07381
85465
65558
63505
91094
55569
08134
07957
07937
90579
26465
86853
52379
15518
91731
35428
29364
84085
56729
24852
54308
24631
27299
86462
55758
67746
66894
06628
23881
19309
21483
93138
17248
23847
54597
54612
17440
49688
24598
49762
35321
56288
56759
87493
87761
55452
06636
01979
73466
79787
97922
69514
63925
56291
31867
27389
21481
37697
31714
77886
63846
91207
54533
83410
79725
55487
74348
86502
89415
67229
54649
88471
56379
98724
55568
07806
04838
04849
01936
02991
77794
96169
89584
36341
78730
99826
08315
67742
92283
67308
73111
56355
36369
64686
96486
87763
56472
55483
02708
15898
66822
24306
15326
04936
86983
25917
07589
16767
26789
31633
26529
23816
19067
87764
48739
19336
25774
25776
26892
07349
07778
56332
24211
23883
99441
91611
38165
74251
31275
88637
94339
42799
54619
63849
56759
38542
53518
54673
36433
69181
66978
76774
97274
91227
37327
37339
70771
74211
56291
76829
73575
89340
04103
04105
04107
04109
04129
04155
04157
04158
04159
04177
04178
04179
04205
04207
04209
04229
04249
04275
04277
04279
04288
04289
04299
04315
04316
04317
04318
04319
04328
04329
04347
04349
04356
04357
55767
04703
55779
54340
17209
17168
66969
49459
49448
32657
29485
07819
27809
84435
38268
27419
08485
87663
49525
49838
98660
83661
37627
57368
73252
73266
23738
37318
24632
24640
85101
19309
19309
79853
71229
95666
17375
33818
15324
67823
09573
53547
92705
35638
06237
95191
71397
91359
07338
56244
02794
98617
91578
56599
88299
17498
51371
51373
51375
51377
51379
51381
19372
19374
25923
35423
33165
09244
91586
77839
95192
01896
09638
54619
35104
96215
72805
09350
08115
73669
03238
34396
31618
38704
56479
16559
15868
04758
55494
01825
65835
56290
49536
16248
17375
54597
56357
56858
54470
54636
25770
15306
18528
28865
74838
08468
08491
57629
55606
09212
65549
65550
65551
65552
65553
65554
65555
65556
67117
63694
22959
56729
53506
07580
24214
88131
94227
35440
57629
25791
66851
67706
01945
67473
17111
88161
15306
64678
07589
55481
49699
17349
37318
24969
18334
31698
07768
51789
16835
29690
49808
49809
49811
67360
56291
56317
76351
52441
31636
63589
14822
53545
53560
07646
59510
56357
99752
59555
59556
59557
59558
56767
96170
54587
25992
96123
02708
74931
07751
04626
18314
04509
74369
57629
17321
25551
17459
04617
56332
76597
79843
25551
93470
24806
25746
34253
29303
84494
07907
53797
18551
01847
18276
35792
49393
32584
67727
67744
35102
97816
65558
02999
84180
17509
24888
39326
17121
94359
35457
67744
56357
01623
54338
54472
54340
49624
91475
56295
89173
55237
25582
24644
24366
24250
65391
73547
79539
79540
79541
64653
54317
26901
55296
66679
54492
04808
72290
08294
49504
24878
79807
56843
16775
25864
74245
27612
32312
03222
15907
27729
23992
29488
23552
23554
23556
23558
23560
23562
23564
23566
23568
23569
23570
19077
19288
17509
23972
17379
19069
19249
19386
23898
29439
04613
03229
15926
29487
57629
54424
14943
17375
58507
58509
58511
58513
58515
29394
21379
23923
31702
18314
59348
36251
71634
71636
71638
71640
71642
71672
95364
14974
67059
67061
67063
67065
67067
67069
67071
55278
19288
96337
66996
37635
76848
09385
32676
31711
92706
24816
99885
97511
25774
54597
21335
21337
21339
21391
44532
44534
44536
48480
16248
09328
92331
24850
18442
18276
67363
21483
26524
06295
24321
25842
22952
25585
17440
37318
38729
24235
19246
56290
64750
06686
56826
25355
89440
54617
19209
56729
17279
56346
24975
27249
24404
04827
56290
67686
37318
55758
99441
39104
39106
39108
39110
39112
39114
39116
39118
39120
39122
39124
39126
39128
39130
71106
77972
78601
56459
95695
88167
86747
67487
63814
97350
84048
74535
63533
95336
97320
63477
55116
55118
55120
55122
55124
55126
55127
55128
55129
55130
55131
82216
56291
83558
55481
57629
54655
54655
54426
17139
94094
17213
23714
84333
19294
84066
19294
79429
69254
76316
02694
34323
79364
57636
82291
94437
85077
55595
66399
54429
54649
54531
23738
56769
54441
68159
68161
68163
68165
68167
68169
68199
68219
68229
68239
68259
68305
68307
68309
67822
06343
92708
55413
71672
71711
35037
35039
35041
35043
35094
79232
97276
94553
09496
56357
16945
26529
56269
51709
37696
56242
38368
16348
54484
98530
88677
02829
71706
15748
15913
15377
16818
14715
04416
16278
84163
31608
08258
04420
91613
91801
91477
97340
97348
91459
96257
97828
85229
84533
95352
95168
91478
87616
86748
95615
87733
96364
83487
95509
85570
97342
91480
86865
96275
99195
45768
45770
45772
49448
91080
18337
25709
25709
67297
96126
99994
56271
66646
83250
34431
21436
24238
27327
37318
98693
97340
66894
55627
21439
86688
76359
57627
85417
56761
88437
97711
74252
03238
03246
98666
84323
66506
56869
54597
66909
54597
67294
57520
54649
69256
85419
87665
75433
79689
66500
94151
67133
93142
56244
56727
56729
53508
99441
53894
23909
21358
54636
55606
55767
88074
53340
67149
74909
67744
55566
23847
59964
24994
89441
17391
96484
08393
31715
40667
40668
40670
54531
88709
17111
24594
86750
24799
24861
67735
25588
67678
95694
98634
04626
57635
54552
84561
54346
72537
17375
56584
38527
38536
58540
06721
37276
91802
98617
54570
55590
01662
77974
37290
86405
21406
16230
25704
49324
49326
49328
17429
99441
27249
97638
56581
24109
34212
17209
96117
87700
87766
58706
58708
58710
56743
88512
55490
35794
84152
54310
49637
99976
99996
23923
49716
86504
66589
79291
35799
86415
57629
91732
89188
54597
56283
54426
06217
06618
07619
54318
67271
86690
56753
55627
66978
04932
49586
52399
79249
66663
54439
67746
59872
16307
17498
56820
63875
64409
31867
54636
49832
88605
72469
19374
48629
23972
94526
54675
84562
67582
54634
49497
66693
40822
55777
55481
72555
56414
98744
07646
04610
53520
16945
24980
96247
97513
57610
56288
74544
74545
93185
64720
14552
86866
25938
56357
24247
56132
83714
07819
88487
07751
09456
25866
18461
17268
19294
19300
14715
93468
63897
87719
93349
32423
32425
32427
32429
54310
54518
76872
54518
93098
17252
56377
87547
95511
95490
18276
24986
88441
66851
91734
56370
02763
57537
86868
21720
07819
55758
97785
99955
21770
82293
56858
35756
82481
15749
17268
94360
84335
95666
09648
96268
15299
39279
39291
07646
74219
04862
64397
89426
47441
47443
47445
47447
56424
73563
71696
07987
59519
21493
91096
24392
24405
24891
21647
06618
49696
24113
17237
19300
17219
17091
23879
56414
99869
17449
67591
17194
57520
63776
63853
55278
63933
41061
41063
41065
41066
41068
41069
41169
41179
41189
41199
41236
41238
41239
18586
18182
06556
86751
91614
78087
86653
40789
24248
17375
23619
24576
56729
52156
67590
71297
04617
56410
56754
54472
55234
55569
25597
82272
36433
25554
26802
25436
26427
94554
78345
85665
92709
85368
88422
85452
84164
19230
54497
24594
64546
37186
01468
56865
57583
69509
91804
51597
57629
55494
54317
34326
67294
55758
56290
07646
67808
56283
67591
74821
56767
56424
56254
39175
39291
64756
07907
72116
97786
86753
93099
71159
07381
23795
53804
24238
06249
06255
06268
06632
19300
02906
35325
54558
69427
38539
57614
56254
57555
65623
04769
76461
01809
24582
75417
09241
04895
04931
84453
77796
25548
16515
16552
16567
14662
19205
14822
14823
21493
08626
69242
96172
92360
99974
99998
78259
73347
63165
78570
78357
56291
18276
64367
91735
54636
09619
08262
06774
74673
54486
45468
45470
45472
45473
45475
45476
45478
45479
45481
56218
53520
56761
79379
15299
08132
95213
15374
15748
80331
80333
80335
80336
80337
80339
80469
80538
80539
80634
80636
80637
80638
80639
80686
80687
80689
80796
80797
80798
80799
80801
80802
80803
80804
80805
80807
80809
80933
80935
80937
80939
80992
80993
80995
80997
80999
81241
81243
81245
81247
81249
81369
81371
81373
81375
81377
81379
81475
81476
81477
81479
81539
81541
81543
81545
81547
81549
81667
81669
81671
81673
81675
81677
81679
81735
81737
81739
81825
81827
81829
81925
81927
81929
85540
07589
35117
85126
91481
55595
76857
67728
66955
66981
74395
89597
56271
56729
24960
97702
86754
82541
72525
29633
48143
48145
48147
48149
48151
48153
48155
48157
48159
48161
48163
48165
48167
86692
67822
25587
86505
64839
56294
55424
79244
35516
17390
79730
54570
82418
71711
71540
53533
57629
21516
23911
19406
54534
73557
55469
67112
54608
54673
92507
58769
56729
55234
55299
17329
95697
72202
23866
21369
95119
66809
66640
85395
85405
55469
66909
54673
56377
85128
56355
29587
54636
89564
14641
99448
64569
34311
06618
06628
04758
04769
56753
04683
56237
54340
54426
57583
07616
99826
25946
01920
06642
74924
69151
69437
69239
74172
72666
72654
74382
74865
17039
56858
89189
21398
17349
17391
37643
24625
23795
23813
24326
56820
72147
54552
54657
67468
74933
73272
02829
03159
15898
57638
89191
06268
26556
14715
91790
36214
56412
54552
89129
73450
23843
54570
89278
67749
02699
99192
87484
99869
57250
24250
53947
41334
65623
08491
95698
61267
55546
24879
63543
83115
85579
17509
26909
17033
17034
17036
97277
98617
18233
75385
75387
23974
94036
94127
76776
86633
86476
85467
29490
74861
24214
95512
24791
24794
37249
25361
25578
75305
79395
25436
91564
97788
54597
25335
25554
07778
23818
15366
49828
48485
25792
21640
17498
17039
17392
18569
27251
21763
29643
49586
49434
95339
58809
08541
74196
36286
74632
34599
54673
55471
85375
85376
84088
25724
25724
72639
72419
84181
19258
15320
26427
21785
91284
94152
98724
56335
75242
73765
09544
78579
03058
54597
67680
36119
90616
67141
97843
54422
63263
17154
19294
26835
04575
01936
88099
23779
34626
94362
25927
92445
93453
92259
09221
08459
47506
94154
01904
23992
17398
26909
67271
73491
16259
75245
68809
54347
08496
99439
92318
92348
84494
24534
24536
24537
24539
92431
07924
57520
57290
63930
74867
56479
66538
66539
66540
54426
91077
66887
91233
53819
84524
03103
19399
76777
94089
82061
82131
77743
16816
16818
16827
16833
16835
02742
86356
94556
26487
03103
91616
95700
41460
41462
41464
41466
41468
41469
41470
41472
35279
97845
95514
31535
91413
93333
07806
92660
67433
67434
67435
96465
16845
19306
23730
01844
08223
56479
53577
72149
17235
93073
15320
89231
89233
75389
56564
56566
56567
24161
24214
21629
15913
15898
17039
23816
54309
56283
56645
63667
61194
61130
52385
25938
25899
24395
17309
34305
56414
84100
66887
94557
01689
36272
56357
84494
99718
56589
55767
55432
09366
61138
57520
56651
39326
39345
56412
56412
14913
78078
56332
16248
57572
09243
96489
99759
54675
14913
55767
55585
67822
55413
55437
56316
76889
55758
57589
53859
67700
67150
55481
41372
55469
49779
54614
97618
66879
67822
92545
63843
65629
74676
65527
31712
54533
55268
37355
76889
54649
54675
87767
56479
56244
54533
76891
86694
55487
54570
66879
54634
56593
97996
89168
56291
84494
56368
99518
84183
56357
57614
54636
55491
54298
54668
97464
56179
09577
55234
94559
55758
09399
52382
56651
75223
33039
54646
14823
37127
24819
06429
31582
25596
23919
23881
18211
29336
31688
23863
18442
54518
55283
24395
02906
34329
34266
56132
07381
54612
54614
25704
24594
57645
56472
56472
56477
57647
54453
93149
93152
56729
04603
56357
99195
24214
55767
66625
54578
56412
88149
66620
56291
25764
25946
26506
86695
26954
24392
25870
25779
25704
26548
22844
22846
22848
22850
22851
25746
24980
96365
38855
38871
25785
99734
74226
97334
97647
56242
48527
48529
48531
59394
21765
86720
77787
31717
31171
25845
48356
17291
55585
57629
25884
37176
56283
37154
26845
25554
24589
49638
52388
01683
17111
17214
19258
76891
21640
99994
24392
99192
48301
73274
24809
24881
97720
71154
51588
01612
66989
53520
90402
90403
90408
90409
90411
90419
90425
90427
90429
90431
90439
90441
90443
90449
90451
90453
90455
90459
90461
90469
90471
90473
90475
90478
90480
90482
90489
90491
72622
54675
72362
67759
55569
83365
83131
23896
69226
18195
36167
14558
14947
25594
24568
56414
66871
82487
66851
90522
82496
83080
36280
97514
56355
15377
84564
54578
54331
07646
72644
99718
55767
91617
75038
55413
85445
89610
85129
57639
56651
54578
56412
97656
56767
57612
56414
19374
56332
56370
55234
54675
86573
73569
87634
02692
82041
82064
56237
96173
55765
77784
38875
38877
38889
38899
46045
46047
46049
46117
46119
46145
46147
46149
82386
86697
76887
67822
55585
55606
68794
55413
06577
55437
98559
56587
55758
97258
57635
54533
77704
55624
73447
55481
95145
16727
57641
49779
54608
54614
97789
09353
87538
89611
98617
86836
90587
61239
67823
57638
97342
63785
21787
67821
86698
78727
65558
84565
37434
72364
66919
56379
29386
31683
94107
94130
91619
54533
55270
07381
86869
76889
86507
85667
54649
97241
94562
56587
64372
75394
91097
55758
88179
79254
87769
71739
56479
56479
74420
89294
54533
91483
85764
76889
94363
09600
87770
97516
82294
66957
97791
82395
74423
89613
98530
54570
87534
66879
87561
54634
56593
71720
55596
97640
74182
67271
84101
84419
88094
66649
97723
56357
93083
99510
91286
63179
17291
61440
92526
56357
57614
98634
54636
67756
67752
54636
55430
08396
56379
67294
09484
77709
55758
64760
56651
06268
83119
74847
67283
97199
88416
56299
26489
48607
53545
55437
54441
25842
25785
85235
67748
51519
16259
16248
55571
02791
21775
39343
39356
39359
39646
36404
09569
21734
74229
59302
25524
56357
09376
08606
27432
45739
23845
97714
33813
24407
24568
25548
25761
25764
65375
99438
07907
86732
29588
25938
24988
74254
63065
63067
63069
63071
63073
63075
76877
67749
94560
77652
77654
77656
25767
91238
55234
89362
67591
72131
87527
68723
88422
53520
77797
82441
55469
66903
73275
48465
78337
01896
99885
91620
74613
38312
09526
02785
75248
82140
25560
26121
26122
26123
26125
26127
26129
26131
26133
26135
23758
25557
21726
25588
21385
24793
25870
25873
25860
25938
59399
99198
89129
54316
54689
57462
59939
67737
54646
57612
54597
54456
88145
89614
02736
77728
55276
71560
71570
99986
55469
07381
06785
16515
67294
54298
57632
07768
54595
54597
91737
54655
78359
63683
77799
94496
01990
54518
54317
04758
39387
24251
38557
49074
49076
49078
49080
49082
49084
49086
49088
49090
01920
48346
26529
75395
21756
24790
25872
89296
21762
39606
74706
24367
24994
49179
27404
06721
29664
29683
25836
94486
27711
25364
06386
37520
25885
25767
24783
56340
25590
49828
38835
38836
87662
73760
99310
97645
67574
88356
99636
04749
26842
76684
02899
25746
22113
76470
75443
73113
73529
25591
24107
07646
01458
85570
77883
91242
31868
21259
67731
67697
83624
21762
28870
67308
76879
67166
77833
04668
86700
87724
85521
34633
66564
64853
94563
56244
55606
26939
51491
73277
88696
24811
24848
02797
87466
28876
24634
33098
33100
33102
33104
33106
33154
33161
82396
25794
93351
07580
83349
54439
19075
24321
16341
01920
18442
23896
54531
56865
26871
18059
17309
18510
91788
19370
19374
18528
92711
94365
38470
92331
16248
55288
97846
04668
54314
17309
07381
24253
94032
94034
94036
23992
19386
16306
85669
56348
94265
19230
30982
18528
14641
85307
07919
07952
08539
14778
95701
17192
17194
17449
54668
04523
37619
91257
31224
31226
31228
25551
82380
86971
03185
54331
25845
25849
54570
93482
09322
17213
17328
31621
93080
82377
18249
86929
17217
17219
84567
94366
94368
66706
19348
94157
19209
55430
14641
91580
36100
66989
06193
07616
86574
32469
15345
15370
85238
57632
56858
93186
83367
96175
07389
87772
74397
85235
85276
89284
55546
79292
83539
37308
93101
56291
72285
84347
96176
93102
74629
66871
84076
99869
76327
91738
85104
87666
75172
75173
75175
75177
75179
75180
75181
92536
72539
87459
88630
72793
64319
76661
54662
94158
36269
19230
54647
83451
93188
54498
56753
92367
94431
19069
25421
19065
16278
54649
91361
92712
66953
66954
66955
01796
19348
54595
83132
18276
56637
14822
82152
14806
95515
68723
54673
19086
54518
19339
94447
19395
99338
08523
08525
08527
08529
08541
08547
91287
56593
74385
54518
91785
84568
76889
55576
55469
87773
04928
58840
92714
85652
72124
73207
24306
95703
07907
06425
17321
73642
73655
54597
54316
09509
09514
94060
82343
15326
23911
23896
56357
08543
31867
35415
24211
85586
19205
56751
18059
54340
23847
37647
85131
31718
82398
84570
91805
07554
17309
91224
24395
56829
96178
53534
04639
25836
18184
97490
36163
92284
07907
85309
32457
25560
18574
93483
07381
84103
92353
04626
24211
17391
84389
14467
14469
14471
14473
14476
14478
14480
14482
91278
86554
56459
91099
07616
25581
57589
94267
17094
24253
56346
17168
95473
24211
18445
54673
54689
54664
86984
14727
17291
18375
92690
95355
96332
91362
32361
29491
17209
97357
83209
17255
96170
01561
24805
27243
17091
25497
19300
86931
19230
16928
24253
07330
18445
54597
23820
97279
15345
18356
54595
54668
83134
92715
82178
17429
56305
50259
82049
95704
25560
01896
56862
86932
90617
02699
18581
18556
16949
66346
85640
90602
49610
24107
25563
07389
06484
06485
66851
48465
38368
06268
49448
25451
25712
53518
66287
56242
66909
67280
02906
25335
24376
35466
01734
24395
24407
19065
14823
38375
01920
57612
04519
21449
31604
25579
24790
24794
01454
01445
24594
01471
42477
02627
78315
46348
15848
06779
06800
32369
94369
86641
73492
82399
91790
01920
54310
18528
76829
76857
18573
83561
25715
17321
66887
01877
89192
86871
83486
67305
25876
66877
97729
97236
17291
72414
15834
07389
17406
99518
97517
56235
76829
63691
67808
25873
24321
24329
18528
08352
54413
36169
76437
26901
26180
99636
24211
19077
23611
23626
23669
23689
01824
14712
24306
01814
67744
66887
40472
40878
40880
40882
40883
40885
72365
96179
07646
94371
84431
94372
23909
57614
29590
56316
83064
07613
15518
69231
96181
55592
65479
35282
07616
22929
07646
55471
88212
88213
88214
74747
56850
55469
53506
73098
09623
17248
97848
89611
83562
26529
49509
96182
56370
55481
45657
45659
45661
45663
45665
18209
19230
91126
96257
46459
24241
27367
94209
93047
93049
93051
93053
93055
93057
93059
93128
21649
04565
95194
95111
55566
55592
31547
49453
56479
25593
15345
23619
86508
21385
66780
25776
19217
66907
55471
74934
61203
64385
78479
93189
96358
55776
07629
08468
08491
08499
78564
73262
02894
66879
97234
56357
15345
91244
15526
83677
85293
84437
85084
86934
51580
07580
67759
66871
56865
66507
57632
54619
67829
53520
56861
68799
53539
18276
86756
21465
21521
23858
34359
01814
64354
37308
09629
09634
25764
08141
06556
54421
07768
21400
54689
67753
94419
84571
35447
83242
15328
56357
48734
25462
67753
53424
75196
97280
38319
38327
24594
07368
42853
42855
42857
42859
42897
42899
08373
71686
73630
77871
24768
24619
56579
49762
38368
56477
86643
71272
78603
07646
96184
21391
18230
27336
25566
23847
18211
93191
89364
87675
87549
56769
57635
56357
56370
14641
97282
56727
98646
25821
84367
79276
54597
92717
72760
72762
72764
72766
72768
72770
27404
26817
55624
33378
46414
26899
77866
53359
47495
55494
53619
56598
48429
48431
48432
79618
79365
77836
16818
16831
16835
16837
76287
76764
56321
56323
47509
14728
76835
98617
37434
38551
18311
18461
79736
24782
24787
24635
86510
97519
27339
66484
87668
56745
92286
87669
97792
93339
97283
72585
83083
88377
88499
64560
79359
66292
55469
82418
93104
78239
97794
19217
23738
01587
01589
01591
01594
73469
66509
24354
49597
55499
33397
78604
99638
99195
02956
15848
15910
64668
84326
93485
97222
55765
83253
94269
49824
94160
37296
99189
24977
77975
76857
31737
55767
54340
98639
25920
98617
27721
54636
99448
67294
23896
17153
54518
54317
17207
39579
09306
35519
67806
54570
91740
99713
17091
66976
53520
99976
56858
97618
97348
97849
25924
67688
63517
57639
24247
31552
96472
01609
04932
63322
55481
54673
67127
31637
08228
63110
93426
32289
23923
56754
52159
89365
39326
89297
19205
23936
18184
86703
19205
54636
23821
91189
98530
85296
55776
55490
76865
07429
38489
37318
72229
83101
86701
37318
93352
85244
94133
31627
74255
38325
63934
37434
17309
19372
67354
72587
98630
54597
41569
23909
36329
29591
23919
63549
07580
30952
87671
36217
54411
98590
61191
76835
29571
54619
25548
37124
21514
14789
02708
08527
08539
08548
74749
73494
48720
07819
72348
21224
74538
57520
83022
83024
83026
66894
17091
35119
07366
01824
04617
14778
95195
51503
09661
53547
56271
94439
64380
98590
87672
17398
06571
17322
90574
04741
18055
18057
18059
18069
18106
18107
18109
18119
18146
18147
18181
18182
74585
88430
27356
36199
56459
38531
91154
57539
56368
56288
55442
04571
54675
54597
17379
56459
88167
90552
63860
97840
91541
02929
97851
17321
17322
07751
97520
67753
55767
57632
86935
83700
83543
89616
91187
91341
82401
84056
72108
97228
94094
97285
78628
92444
18182
55595
17509
56295
17390
56244
90607
03238
07580
87494
55776
84104
63924
97355
87674
73635
15345
15378
15562
37434
94161
55593
65385
16321
07407
95365
24405
91622
38471
99842
01945
94239
18246
19376
83324
19322
94099
24601
18258
21379
76761
76891
55452
79595
24254
23843
93486
65594
56412
67152
67808
56357
73577
66957
53809
55776
56584
65428
67308
77977
37318
71277
59602
16835
66869
23936
66887
67752
07646
18317
93342
97633
07929
83416
07318
66919
07589
66111
66113
66115
66117
66119
66121
66123
66125
66126
66127
66128
66129
66130
66131
66132
66133
54439
66740
66793
91623
31553
74343
83679
48369
56648
18551
21493
63877
73084
94330
94163
23883
23911
88682
87775
03238
54570
54528
97616
56414
06198
48499
56479
38226
38228
38229
38239
38259
21376
31020
33154
29410
94121
83122
48465
18573
97522
39524
97657
27446
26452
06792
06794
06796
06809
23898
69207
06526
18190
67813
67822
56858
25776
53757
98660
94379
56329
56346
66386
56727
55578
66887
53562
55595
25572
67487
25693
94566
94568
79271
25826
56220
54655
66606
84427
55471
24616
54552
18276
17392
17111
31157
25785
77880
79361
77887
56767
48336
38524
17121
18546
26683
18239
74589
21644
82054
65391
88605
82442
55291
24392
17440
54558
09619
64850
24882
24790
24794
37318
23795
24980
25725
82067
82069
96528
53426
54552
84175
25782
58579
79597
67701
79227
54668
48480
18569
23629
23683
23684
54636
21379
23730
34270
95197
66919
94571
55758
56865
83135
73579
37127
72516
27383
74850
24392
09481
76779
54611
88175
07646
56379
91443
54673
89601
31174
24211
66869
88433
22869
25560
56244
17291
03172
77773
36277
46514
85132
86872
96110
57584
54673
86937
85298
32816
23795
24241
84069
67808
67823
65623
27619
67105
66578
03253
19209
54429
91583
24637
77761
86576
37308
66996
24214
23847
01968
01993
01994
01998
02681
92718
95706
04435
07619
06258
38315
54534
19217
72667
95519
33189
65388
73114
15890
83259
98663
82439
82444
54340
54636
36419
53937
02959
07629
07907
18320
15910
24256
24837
09487
98666
98667
98553
25779
04936
79418
88281
73278
55483
83727
36110
07646
17192
17219
55596
33758
99195
25551
79859
36381
96132
67718
24638
24640
98574
98587
57392
24241
17390
25724
98530
66839
92546
92287
55758
86511
99518
07819
23883
23909
23911
55765
66484
66917
56825
61389
67829
03096
04626
01877
07389
91289
29493
83530
91220
92253
21481
24891
06712
67699
96277
63936
08289
29465
83458
91625
55608
29640
55497
89194
54441
35641
94572
27251
97852
97907
14715
63825
94508
75328
72355
54314
78136
71101
69250
84337
97659
83471
02899
79677
66996
54552
02708
17349
24582
08393
84573
94513
54426
22929
23923
24217
56370
55469
67808
03253
69436
96185
06618
54316
07924
86938
97795
39217
39218
57638
55444
16278
61137
54614
08261
12529
15566
79677
66901
16775
04916
29396
01561
17291
17111
86956
82296
07646
37318
17337
39524
08304
24220
38364
24232
92539
99947
83137
74214
93488
97453
95173
15910
17309
23744
14621
78141
04509
79650
91626
72296
67707
38170
48624
07768
02829
16244
73614
93489
55288
17166
26419
19073
19075
63679
04928
78144
78713
06279
34637
21493
69198
86529
74575
25782
24837
24850
53520
21516
24790
54586
25764
24589
24813
15732
57632
23847
77978
77746
48465
54570
57520
18258
07554
91126
86986
55270
85247
99869
73072
73525
73527
73529
73550
73553
74523
86830
86987
25876
27252
90571
82445
74193
71409
65824
66773
56281
98590
34613
41366
36318
77963
92421
39397
28790
97523
87645
19258
76848
90596
27327
29690
24257
17252
98547
74869
94374
97359
92548
98744
01945
07589
07427
55481
92720
95126
95131
21493
08340
34639
54533
90592
92521
55629
01987
92447
17168
97525
67685
24229
16303
67365
54338
98663
76889
56377
76889
26556
97421
97422
97424
67744
67808
85301
66957
58332
88477
89443
72477
24222
24223
01936
55444
55624
19053
19055
19057
19059
19061
19063
15755
27324
27333
26835
99634
58239
25813
68723
71701
71706
15913
14548
29593
86940
84419
54597
23795
37318
55767
79739
38179
01855
56479
74743
14554
77889
99846
14715
37136
23823
27404
23883
25557
82229
87637
06317
39615
82418
64342
19069
88422
06449
06464
06466
06467
06469
77960
56377
57577
57632
67744
07580
09306
15306
30926
83358
83370
83376
55629
38723
82402
25370
25371
25840
25878
25337
21217
21218
21220
72297
54636
54636
31691
97340
24814
38279
54518
18528
09465
31319
55444
57632
09548
02782
54655
97342
07389
07768
78606
54597
95100
57537
95152
66871
24238
52538
63500
24884
06458
54608
18586
59379
23923
18195
27446
65618
56242
55278
67681
18334
48308
89250
48324
01945
01968
01996
92369
54619
56820
97526
53520
55758
07616
54455
74372
56237
56244
96145
23845
89129
92358
90556
37136
54673
54617
79350
95517
31079
37308
38173
76833
56729
23847
21514
17089
17111
27254
55599
35768
53721
74936
57072
57074
57076
57078
57080
93354
83313
15890
22962
86577
23923
55758
55758
23730
23847
53520
56427
55767
17209
16845
24641
24885
19376
72488
72517
88138
24887
07613
76857
17214
25551
84359
94436
91245
52152
56337
55469
72226
97215
55618
75397
25813
79263
79271
71063
71065
71067
71069
82404
78224
56379
35764
36391
74889
54675
76547
53489
93161
67729
78354
23898
27419
67823
07429
83139
21388
59494
49751
02689
31185
55487
34320
55487
79294
42651
42653
42655
42657
42659
42697
42699
42719
07381
24852
38387
99759
25884
35606
91807
29614
29594
97334
54317
99610
99625
97286
63825
25358
55595
39365
17111
97255
99706
97647
96515
99869
25821
96242
94164
16775
55767
72820
37345
03249
55758
47665
87776
89567
87527
36205
24806
24241
55270
57636
24966
56858
27367
83564
55595
49751
78549
55595
91174
54529
34286
17391
17392
91080
95234
82418
82447
56322
74937
54662
95469
92676
48480
32139
56288
56746
67346
94518
71579
26474
66583
55288
76848
18513
55595
17039
19372
73565
73568
73577
25917
29365
15528
02979
15913
03130
55576
31832
45549
99610
18198
21680
21682
21683
21684
55271
96187
26935
26936
26937
92549
35260
86391
31655
99326
54589
97488
48703
37627
97909
07646
95346
25917
27254
24816
67808
56412
56459
14532
89195
24217
94375
95236
84533
85092
85134
93491
67816
24395
25879
22145
04617
56843
82319
72181
39418
39443
39446
01594
83224
55568
56424
35460
34355
79219
17039
17153
49777
79837
56276
16775
14715
25920
26427
25557
54597
35239
18209
96135
79252
09356
06268
31634
57614
24235
90547
01920
77790
94377
96523
66851
21775
36396
61449
56291
37308
67808
66909
96361
98587
08237
24972
92449
24972
55599
54655
22964
82297
57629
57520
54552
56414
56244
79585
71144
57518
97854
24888
76889
49439
48565
86989
33803
18442
18246
88416
32839
73566
89555
71711
37318
15518
85643
29367
23847
01904
54552
21720
84439
76479
56479
15938
56379
91628
76872
66879
96349
57629
78256
21435
25795
67705
27389
49448
32351
39576
23936
83071
94569
23883
19406
75447
24996
87778
67294
88719
72510
96188
31595
07629
78112
88167
74597
21772
23795
55758
72813
68789
79274
78333
23617
54646
56472
97640
96342
31638
24326
64589
63811
56459
73495
29597
52222
52223
52224
24890
09366
24601
19372
17391
17406
01833
24409
24256
31592
16818
25554
25548
15859
92721
06667
87675
87677
47638
97618
19073
18435
18437
18439
24229
17335
72479
56587
94342
82064
75334
94315
98646
15913
15344
99634
01616
57629
54597
09661
19230
54558
55442
54552
25792
25821
23815
96129
01796
56357
24643
24891
23847
18195
94166
16845
17209
79780
28816
92551
57614
76297
70173
70174
70176
70178
70180
70182
70184
70186
70188
70190
70191
70192
70193
70195
70197
70199
70327
70329
70372
70374
70376
70378
70435
70437
70439
70469
70499
70563
70565
70567
70569
70597
70599
70619
70629
08328
24641
26624
26759
99976
99988
25361
24392
29556
25764
25782
25938
24890
21394
24852
24992
25727
25779
25876
18516
25923
25813
25840
06536
29303
29320
29345
06369
06386
06388
46354
17207
27257
91438
91484
98527
98528
98529
29562
19079
17168
23845
23867
27232
54636
19077
07751
72172
65843
56379
55758
63834
71560
74429
92237
66280
67734
87477
79295
97528
85254
85259
39171
97633
75056
98617
97320
97529
55286
97717
93104
59846
18519
99947
38373
38376
83362
26903
23701
73079
49762
31555
53913
16230
28857
25980
89428
24893
54441
83342
83373
24797
25585
73527
86704
74388
78607
21493
54426
99897
71732
39517
39579
39590
25499
22889
36142
84367
07922
09468
92723
73497
88459
16307
86660
38479
24594
24619
27412
18249
24963
24536
24943
37339
25881
97941
97285
04425
15848
03185
82024
84416
84574
65232
09249
07778
07646
07639
54456
24220
19399
49545
07907
93105
83684
03185
07570
83317
83364
84576
94244
37339
19273
48291
56858
25782
14513
54441
17268
16818
16845
17268
78250
79312
79331
25767
23824
67806
21395
18195
19258
23936
25882
24817
17166
96355
01945
94167
88069
88079
93158
06682
93356
92552
15755
96358
06179
25557
86943
06502
66987
54424
56584
09380
66871
04808
93107
91177
37318
19217
86470
92554
01737
27321
91741
97288
66871
92637
18195
98660
97531
09488
08541
01561
86672
07774
95707
95199
66636
21401
54317
04626
56291
54340
49832
18184
09419
24351
97711
97289
97291
56743
17168
94169
95349
94136
38473
84184
94113
93464
55471
88422
75233
55546
67311
24803
25794
24644
23669
25917
08606
95643
07646
27419
79822
85135
94104
84529
52445
19230
24819
22965
55481
23826
86447
79682
79674
84513
24894
07819
47918
99958
99438
25832
95183
99718
21442
04860
04861
17358
17192
25436
21255
21371
99947
56841
92724
93358
55595
93455
19089
21516
24610
97633
54441
17449
83301
83368
83371
83374
83278
92555
90619
23843
23827
23795
14959
29494
04617
02959
95367
99718
04687
65468
55413
93492
99830
24896
56253
22967
34388
25693
18569
15236
91757
08233
14929
78098
18465
08606
97855
54290
54292
54293
54294
54295
54296
53520
54311
84371
16949
56753
54636
18320
67705
07819
22946
54349
03253
07646
99869
72818
07646
95183
53840
53842
53844
17039
24321
04880
78647
95709
83308
66957
87779
03130
96367
72070
72072
72074
72076
90587
38474
25881
79677
78609
83104
82299
86842
03185
86874
84577
17129
24214
99869
78532
82327
17091
24894
49767
34477
27239
84558
52531
54689
66802
88662
83236
76698
31600
97532
17291
17459
17337
55288
37318
54552
99198
54552
04895
04924
04938
17373
47589
91486
38170
19077
24860
49843
55278
25889
29525
56767
56767
25436
97292
31311
97215
82449
73066
88690
56290
79777
07407
89073
89075
89077
89079
89081
89160
56766
66887
35327
24897
79224
18569
39365
88444
29369
98663
99441
21274
29640
55278
87781
53572
67823
88527
59423
59425
59427
57648
97618
99991
99974
99976
82497
07646
36414
86944
84339
87782
74257
72669
85774
94107
74199
82008
67746
78089
91364
89617
98617
86836
96190
74547
84579
97294
75399
83567
89299
85716
73485
91743
56412
96253
15910
89619
95369
87647
89597
88379
98744
07333
83246
87496
55483
23936
26529
25923
26670
54673
73655
73660
56317
99765
56182
55430
99955
56761
56220
86513
56825
92289
97857
54539
54655
17406
17237
61250
37170
86514
26556
19217
98617
25938
54675
91080
88524
54619
86919
17111
79694
56291
54552
54579
25572
25594
25594
36404
98617
83377
38170
37647
27389
71665
56179
83626
56812
26316
27259
21397
85591
85598
85599
85622
85646
38159
49377
19205
98669
90587
97209
55758
42549
42551
42553
42555
92355
84149
91235
54472
46342
18469
19260
74541
34246
38458
16727
38173
55578
67482
19417
17111
27283
72519
33415
33775
91487
03226
53560
52391
94234
19303
56244
16835
27419
17309
96191
54314
21444
85256
02894
15306
68519
41747
41748
41749
41751
86946
86637
78667
78048
78050
78052
78054
78056
65606
84137
92249
84186
94474
66957
25884
56729
49429
27374
32602
46562
15890
17375
99610
21360
88267
83569
99986
79235
85088
92648
34516
78147
89269
72189
17349
97332
84106
37308
76857
78269
57612
56745
66333
07924
34471
27729
99438
25836
55758
04626
76744
17194
25821
39393
17129
25693
49599
55546
95519
18258
76889
38533
91247
79279
27412
48691
49757
24369
37136
83666
86875
34590
01454
67591
67157
96193
37359
53343
47669
63607
25596
17498
83646
92442
29496
66687
59329
66787
93494
49419
56826
38559
24392
68753
83329
55494
55491
37318
55234
57614
23812
24211
66909
29399
71332
71334
71336
74915
92726
86579
56477
97534
88489
89165
91344
23845
24558
26907
87616
93192
88639
72178
55425
63857
55596
56588
51545
76337
97295
65620
69429
88289
97297
72141
34513
07646
65529
71111
74638
08396
93194
95679
56323
52525
67714
67822
76857
04736
54673
02906
37284
79183
94065
84478
55444
67693
69483
66914
56479
93449
53498
54320
76857
95652
67165
79761
15377
35647
89367
73550
92727
54429
56865
74399
17179
37445
86877
23896
69190
63928
74731
25788
54570
54675
96346
49134
66798
94574
94522
54597
86757
55578
82499
66917
74599
55595
06528
57584
56414
38729
24980
54531
29413
65396
17209
07613
85469
99189
54578
96194
66484
76833
16818
29664
29699
86480
87448
57632
07646
99880
85137
45731
75045
24997
16348
37281
85368
21483
37627
23758
73117
88239
26434
26486
24601
21776
72827
39164
24594
38378
34414
26203
24646
18299
48231
17192
19417
19230
19288
95485
31606
55442
24250
83627
17168
23936
23948
18249
27333
17111
25560
19075
59581
36367
85456
67681
88447
97797
25761
24647
38553
73116
73547
56370
56653
41849
83512
88142
54332
97535
99718
91717
98634
29339
24582
96196
67319
54595
54612
54441
54649
86759
09306
24576
25795
22880
30900
19217
23795
26826
24999
24994
47652
39365
41844
38828
94110
78564
01829
37339
56653
79664
27259
49453
37287
61273
86517
56745
63879
86706
85258
07570
55758
91746
56355
54570
95466
56244
92637
89197
67475
96279
93495
92557
54636
91249
97215
91629
92700
92729
84107
97990
86947
79576
36457
63937
35781
71263
72367
56729
56825
67685
55413
55627
91365
88171
53919
79809
73235
82362
71093
35789
61276
91744
99423
99425
99427
99428
35096
56379
35796
01689
76356
88250
67366
69469
55278
74189
54595
55595
71384
07806
08538
56348
19322
76599
91085
67273
67256
66709
96260
71287
71554
74679
07646
95237
02627
37299
07639
09600
96369
91781
07950
06667
06688
89264
91367
88138
99631
95163
56575
02957
02943
79367
57586
19412
18461
17498
55624
55629
56191
64331
67808
87480
96479
53539
66887
86465
55576
57644
21261
54441
78669
91809
56753
25782
54298
56729
56412
25836
56357
56459
59514
73553
73635
73642
73667
03119
79677
86650
38176
55234
90530
57482
18513
21403
15864
73240
18442
24235
84187
25767
30974
25996
23827
23898
21465
93173
21279
14778
97956
03096
39539
39615
08223
08412
19386
17089
14542
58791
26427
57635
59457
49757
42929
04779
73249
92533
07381
59368
97440
76857
16356
38855
38875
38879
99634
56414
49751
99837
53520
87497
97877
33824
99735
86637
46483
46485
46487
66919
23858
17255
29392
34399
25764
25764
25764
50389
25746
82234
82405
29599
86707
87679
24259
23847
25782
56457
25761
21394
87784
72589
25881
26556
24977
25364
49492
25597
63825
56479
25885
23815
24784
26655
89198
27412
27386
99718
73463
98663
39343
39345
91747
67368
67593
26810
25926
06618
49453
35435
35083
58300
06722
06193
54646
48493
91631
49838
85139
35576
35578
35579
35580
35581
35582
35583
35584
35585
35586
25599
83629
56357
57635
38554
28844
76835
07774
58739
55758
74259
56291
18375
57629
04509
79695
24613
31719
86879
26215
99510
51674
18556
49847
82407
24649
25779
18258
29342
75446
56294
54636
21502
95676
66894
55246
55252
65183
65185
65187
65189
65191
65193
65195
65197
65199
65201
65203
65205
65207
54578
53534
63831
15295
14662
69257
86519
97355
14827
37308
94344
03149
73349
93109
36466
91369
97353
91346
91632
69168
26639
97859
67744
49835
29323
31613
29649
87487
91634
15745
72218
17091
36208
93359
08134
27793
97772
87499
82409
76848
17379
91489
07389
88271
69259
26382
26384
26386
26388
26389
96352
91452
08112
97348
34439
24616
47877
56479
34508
34628
97647
56459
93497
56594
77731
54533
57234
01723
01737
54655
27412
25554
49849
02681
54459
55767
53518
06313
71299
54457
86949
94336
25729
24340
51570
91635
56379
76872
79297
55452
53578
92670
04603
94575
91575
37327
21789
84543
57644
54558
90610
27243
92559
24398
56459
71364
53520
25887
38170
56333
67722
54614
25551
24568
29229
29308
21423
73650
89368
55595
66484
59955
67822
55595
97286
72474
87785
54608
67587
54616
56355
54487
94577
97537
51688
26892
26529
53534
56814
56422
95339
56237
55758
24217
25876
21737
23966
23968
23970
57537
54636
21255
25938
25872
25946
91749
58452
58453
58454
58455
58456
18209
06886
06888
06889
19322
25548
23829
19243
19243
19073
18510
99189
56237
84384
02997
97957
29378
29379
89426
54516
79599
38329
24306
26409
79299
21357
16909
21514
37213
37214
37215
37216
37217
37218
22969
19406
99310
94104
25889
19288
25856
17039
24899
21521
27419
35288
25797
17237
17091
17348
57614
77709
88364
38300
38302
38304
56244
99713
85395
61200
86709
87787
34466
91639
82515
38440
38442
38444
38446
38448
72649
93195
55578
67752
17438
56332
09429
97618
37434
37434
14778
56826
61206
55597
25704
57635
39435
39326
85283
74549
88284
31556
38379
54636
15569
21516
29497
55481
97539
83379
96197
55599
55490
87789
67547
67549
67550
67551
72299
91637
27726
55286
73499
21502
85457
84109
63939
76744
93086
82237
17495
29559
29565
16269
25563
25938
25799
97618
42489
21445
25563
37199
17039
01609
99610
07570
95632
31515
42103
42105
42107
42109
42111
42113
42115
42117
42119
42275
42277
42279
42281
42283
42285
42287
42289
42327
42329
42349
42369
42389
42399
84329
75449
78573
84189
56858
52146
27639
07343
97070
97072
97074
97076
97078
97080
97082
97084
04808
67808
55471
71543
16845
16866
16868
17509
14641
14789
39524
37318
18347
17255
29462
79879
99848
79793
79369
25938
46509
74374
94239
06895
75059
93499
84539
19089
96199
18195
23619
18510
19246
15328
07557
16792
18276
56477
56414
39615
97475
84367
67378
01619
93197
97799
06711
06712
93199
98544
77736
97299
67308
95239
79669
97225
56856
56858
56859
73087
73119
54492
54539
17440
54313
17459
54655
94579
18246
39261
39264
54314
29499
16845
17309
15326
26340
17153
56761
09306
07937
07950
15738
27404
16306
19069
19372
57632
07924
39326
86473
34289
23968
89446
19300
14793
18059
16247
17390
23911
56288
15295
07778
78652
78658
99100
72369
56379
18374
17454
17419
18528
90513
17039
17209
02763
02788
19374
85406
07751
06780
85604
55270
89447
15806
55576
04720
04838
09405
09434
08321
19073
53909
23992
86637
54422
86441
23992
17495
74939
66482
54673
74639
04442
08056
08058
08060
08062
08064
08066
88529
94227
69439
64673
08297