49,99
61,49
65
70
75,49
27,49
47
91,99
39,99
10
55,49
5,49
4,49
62,49
54
56,99
69
42,49
48,49
61
75
11,49
8,49
42
30,49
90,99
44,99
43,99
52,49
63,49
68,49
77,99
17,49
32
59
11,99
79
28,99
85
79,99
31,99
57,99
33,49
15
86,49
30,49
35,49
39,49
26,99
77,99
38
70
85,99
85,99
12,49
68,99
96
60,99
26
19
53
29,49
77,99
6
61,99
25
34,99
100
64,99
70,49
5,49
13,49
20,49
79
9
67
41,99
88
96
45,99
43,49
81,49
69,99
6,99
27,99
69,49
51,99
19,49
91,99
47,49
59,49
1,99
70
82,49
50,49
10,99
90
41
90,99
24,49
