780.80
467.96
953.29
308.17
268.59
544.22
955.47
569.53
706.99
310.21
510.72
167.86
113.70
888.93
124.87
277.59
684.49
230.13
781.55
958.63
707.04
380.39
160.72
169.76
114.87
433.54
347.51
842.43
132.83
450.07
586.94
977.04
703.24
991.88
119.59
537.91
874.53
772.32
665.82
668.61
164.51
640.86
420.26
746.77
255.88
388.17
474.40
293.51
788.06
855.55
373.35
744.59
945.44
641.92
762.31
606.28
628.24
794.41
848.56
563.59
361.14
934.87
826.69
534.63
327.46
355.34
392.95
472.02
286.92
777.29
271.74
546.72
591.49
183.01
205.14
580.81
312.56
536.72
263.64
635.13
742.90
862.98
454.65
723.50
670.70
722.99
905.68
277.38
466.96
407.49
783.87
304.14
436.82
134.52
799.54
631.72
478.56
790.53
334.63
835.30
437.87
184.67
593.79
641.07
877.24
265.53
686.64
317.99
932.66
270.14
647.87
835.29
989.43
837.06
918.43
838.96
774.15
356.51
605.01
516.71
956.90
987.04
127.58
803.40
862.81
202.43
163.93
448.65
421.69
592.74
821.70
927.93
187.12
752.96
969.56
266.48
980.51
151.49
713.32
321.11
332.41
721.19
944.33
131.28
521.57
244.12
647.15
508.64
120.53
587.93
711.43
344.73
582.60
851.92
899.28
638.02
903.77
358.30
965.98
536.46
324.02
917.29
762.66
993.11
285.09
836.01
485.84
244.73
489.38
297.11
120.90
453.80
807.39
625.04
901.07
715.77
884.91
724.46
760.10
857.90
713.35
704.53
373.33
966.79
488.40
713.48
525.52
779.81
929.60
448.22
346.30
712.87
928.52
980.33
553.06
997.34
777.68
798.96
776.81
939.61
190.71
942.45
882.82
843.26
690.35
694.11
571.14
253.02
329.60
576.99
761.33
913.78
937.07
521.69
148.96
591.88
763.91
277.90
270.10
136.30
456.75
208.09
281.07
607.09
607.92
100.25
137.06
857.39
501.72
378.83
711.01
893.22
286.71
171.75
929.53
566.11
420.20
948.38
871.58
741.58
514.49
630.86
531.01
973.65
937.15
837.97
990.03
501.38
663.07
668.11
570.57
518.92
125.59
901.91
479.54
846.13
556.70
909.64
159.92
173.54
759.43
424.67
129.29
378.24
415.04
827.88
127.66
357.29
903.18
959.41
353.18
147.96
186.26
398.88
529.12
137.40
516.33
539.57
382.77
311.45
765.12
619.36
325.62
536.99
317.84
416.29
619.62
548.44
664.28
673.95
747.58
261.77
202.50
632.81
668.28
105.66
338.62
537.08
511.94
131.09
944.51
977.47
780.48
928.22
824.45
551.98
793.14
366.18
921.29
434.88
385.77
611.26
875.44
681.03
659.16
482.97
199.52
678.06
184.27
809.47
955.95
496.57
920.59
865.99
756.79
410.35
148.23
266.18
372.32
139.20
715.11
162.63
670.96
708.09
151.19
987.62
444.42
485.30
467.33
290.99
266.40
877.72
869.70
633.31
243.07
953.13
597.69
875.98
898.92
152.41
939.80
936.18
433.13
172.86
887.51
259.94
848.37
768.93
193.01
994.79
220.69
897.71
431.00
440.89
808.19
691.98
754.99
166.50
681.41
959.53
309.87
148.89
352.40
760.41
587.84
514.04
249.30
706.06
659.29
420.14
663.96
768.71
712.11
193.24
728.26
229.30
551.65
437.18
954.44
938.30
485.88
886.19
875.87
502.07
192.08
775.52
671.09
357.29
448.05
178.92
182.00
510.78
838.71
555.95
188.64
154.48
250.19
407.27
651.64
166.21
233.34
745.07
495.47
607.36
255.18
775.59
356.08
880.10
584.29
581.01
801.18
539.36
370.94
482.64
459.60
859.59
554.41
283.82
153.69
510.45
883.24
502.34
867.07
901.20
562.55
933.50
182.95
101.31
699.91
673.37
977.05
390.83
447.93
305.58
507.62
813.22
967.88
728.26
536.12
910.52
404.66
692.37
575.64
878.96
603.85
650.33
195.50
212.08
316.80
650.59
138.97
776.73
274.76
627.49
941.59
631.51
594.24
503.90
431.83
832.03
565.30
240.12
949.90
989.55
388.07
155.05
365.52
484.95
692.62
187.19
358.87
940.34
747.77
142.29
377.69
462.96
198.48
303.45
868.09
738.75
613.01
438.79
357.33
230.47
105.18
133.65
346.35
828.23
886.84
260.03
150.14
870.58
684.43
539.11
768.74
904.91
164.00
731.45
192.93
158.32
720.07
837.09
341.12
551.77
573.23
159.34
614.93
240.22
222.34
391.28
230.86
355.57
953.31
188.00
647.60
210.11
473.08
166.95
532.66
942.68
683.14
610.19
813.51
825.35
203.51
836.46
427.58
700.82
529.85
471.52
394.19
290.31
587.73
463.87
641.75
782.61
564.17
166.75
333.63
886.52
183.54
613.16
702.12
682.98
350.35
231.45
898.12
966.57
414.47
488.98
159.47
235.78
889.85
643.52
321.63
427.69
885.01
579.41
147.81
546.80
692.49
819.68
259.45
387.68
458.48
390.38
365.26
781.40
330.03
919.00
715.13
727.59
379.93
883.01
144.89
685.84
294.34
527.67
538.03
377.80
697.25
902.26
439.76
156.24
671.73
944.78
598.83
290.85
323.36
137.29
774.40
748.46
714.64
792.61
181.89
152.26
902.60
921.99
996.40
595.57
748.69
123.97
620.76
869.21
180.38
350.83
572.68
409.95
423.34
315.42
391.23
655.94
629.39
906.05
459.07
244.55
824.73
534.40
320.80
806.17
433.37
497.69
495.93
429.22
457.82
395.89
378.88
819.65
929.45
433.23
416.02
398.57
936.38
808.00
313.21
526.71
207.94
464.57
649.03
834.25
900.38
922.92
698.88
397.96
828.30
515.69
873.72
956.71
244.30
577.75
938.58
632.20
821.36
448.30
120.61
781.31
892.89
755.74
507.13
420.64
578.43
268.80
720.75
852.76
832.26
362.44
460.30
988.43
422.26
363.35
924.57
839.50
441.88
649.79
984.81
428.73
543.78
571.42
416.43
939.85
978.66
217.38
625.33
797.24
370.24
726.67
935.81
318.29
820.21
627.76
405.65
209.59
592.00
181.63
419.21
326.83
642.71
507.74
808.43
415.56
376.51
701.62
408.37
499.48
984.62
728.99
658.29
483.99
171.79
765.16
551.27
869.57
237.01
822.79
403.45
882.04
192.09
535.13
790.68
541.75
120.15
177.04
255.49
485.30
764.71
694.02
972.87
409.65
856.87
206.84
201.47
341.15
675.87
491.28
855.32
174.95
555.12
821.57
503.97
467.59
725.06
929.06
568.72
204.64
986.83
820.54
255.01
467.92
482.91
413.87
260.83
842.52
316.85
928.20
674.71
671.94
479.08
116.71
351.15
861.69
153.25
726.87
800.00
393.81
302.22
392.06
785.65
703.20
416.72
296.74
264.07
374.93
231.27
627.23
618.79
426.05
257.87
444.22
558.37
729.65
903.15
191.34
764.00
649.96
821.79
689.92
512.94
888.00
436.41
214.70
392.11
871.39
647.07
686.85
840.09
312.62
737.52
183.40
601.51
426.11
206.81
641.10
426.40
450.68
415.24
756.76
349.99
352.28
814.15
724.21
563.12
585.21
925.38
493.86
795.82
841.59
956.18
614.36
685.33
869.20
142.14
312.63
197.40
528.01
350.26
500.87
162.66
663.96
204.65
518.25
652.91
634.36
238.94
519.90
510.59
959.92
418.66
278.36
575.07
779.73
622.27
620.35
921.93
416.07
188.73
358.30
315.08
450.97
311.34
342.72
399.65
440.96
250.03
622.81
865.81
611.42
762.73
178.57
423.67
729.49
748.80
146.33
890.72
865.86
795.18
132.02
227.22
242.78
431.72
649.67
241.40
335.68
673.58
269.88
398.59
223.09
650.56
521.55
959.91
981.59
144.70
868.06
242.79
899.01
693.64
351.10
796.09
728.86
727.50
437.73
616.34
898.77
275.75
522.50
283.88
197.98
747.61
625.23
593.47
472.65
871.32
867.98
364.62
239.97
627.80
756.28
388.07
709.05
479.53
224.35
952.94
631.23
361.02
754.41
840.31
932.33
133.23
267.23
617.62
712.12
776.46
851.90
192.54
459.98
870.27
498.62
575.46
423.72
343.34
210.41
605.61
804.07
794.07
785.12
514.20
937.59
983.68
546.53
784.00
751.20
869.45
192.33
913.72
611.61
358.79
490.00
239.66
619.87
326.45
429.31
440.21
822.82
529.00
178.86
979.90
114.85
899.58
294.00
885.65
873.71
380.24
828.93
927.77
607.70
372.25
949.10
149.84
840.28
361.41
363.54
544.81
822.52
116.52
274.25
711.16
212.24
272.42
377.84
410.95
977.57
559.84
514.51
308.06
159.43
980.46
341.70
670.83
503.68
277.90
880.01
